Simulation 0: [124, 2, 7, 30, 3, 9], -9429.02777778
Simulation 1: [141, 2, 4, 28, 3, 3], -12702.3611111
Simulation 0: [119, 2, 8, 27, 2, 7], -8727.91666667
Simulation 1: [117, 2, 3, 26, 2, 8], -8571.11111111
Simulation 2: [121, 2, 3, 25, 3, 7], -9180.69444444
Simulation 3: [141, 2, 3, 25, 4, 6], -12592.3611111
Simulation 4: [118, 2, 4, 29, 2, 11], -8597.77777778
Simulation 5: [135, 2, 5, 25, 3, 7], -11429.5833333
Simulation 6: [142, 2, 6, 31, 1, 5], -12802.3611111
Simulation 7: [152, 2, 4, 26, 2, 3], -14882.9166667
Simulation 8: [141, 2, 3, 28, 2, 7], -12624.5833333
Simulation 9: [138, 2, 4, 32, 2, 7], -12030.6944444
Simulation 10: [126, 2, 3, 23, 2, 5], -10105.6944444
Simulation 11: [127, 2, 6, 29, 1, 6], -10144.5833333
Simulation 12: [114, 2, 5, 27, 1, 4], -8224.58333333
Simulation 13: [132, 2, 1, 27, 2, 9], -11045.6944444
Simulation 14: [135, 3, 2, 25, 2, 7], -11558.3333333
Simulation 15: [109, 2, 14, 25, 1, 9], -7101.11111111
Simulation 16: [109, 3, 4, 27, 4, 6], -7321.25
Simulation 17: [113, 2, 7, 26, 1, 6], -7942.36111111
Simulation 18: [114, 3, 3, 25, 4, 5], -8106.11111111
Simulation 19: [98, 2, 6, 29, 1, 3], -6062.36111111
Simulation 20: [125, 2, 4, 26, 3, 7], -9775.69444444
Simulation 21: [131, 2, 2, 24, 3, 8], -10834.4444444
Simulation 22: [118, 2, 2, 28, 3, 4], -8860.69444444
Simulation 23: [130, 2, 6, 30, 1, 6], -10644.0277778
Simulation 24: [113, 2, 5, 30, 3, 6], -7941.25
Simulation 25: [126, 2, 3, 29, 1, 5], -10136.1111111
Simulation 26: [124, 2, 2, 27, 3, 7], -9694.58333333
Simulation 27: [116, 2, 4, 30, 2, 9], -8360.69444444
Simulation 28: [131, 2, 4, 21, 2, 6], -10891.1111111
Simulation 29: [142, 3, 3, 25, 3, 9], -12660.6944444
Simulation 30: [92, 2, 13, 26, 3, 6], -4997.77777778
Simulation 31: [117, 2, 2, 30, 2, 4], -8757.36111111
Simulation 32: [168, 2, 4, 25, 1, 5], -18242.3611111
Simulation 33: [124, 2, 5, 31, 3, 7], -9577.77777778
Simulation 34: [131, 2, 3, 27, 2, 9], -10785.0
Simulation 35: [111, 3, 12, 27, 3, 7], -7360.69444444
Simulation 36: [117, 2, 4, 29, 3, 4], -8634.58333333
Simulation 37: [106, 3, 1, 27, 5, 7], -6957.36111111
Simulation 38: [122, 2, 3, 30, 2, 5], -9452.77777778
Simulation 39: [140, 2, 3, 30, 2, 5], -12517.7777778
Simulation 40: [120, 2, 2, 29, 3, 8], -9032.77777778
Simulation 41: [140, 2, 1, 21, 1, 3], -12793.3333333
Simulation 42: [136, 2, 4, 31, 3, 4], -11751.6666667
Simulation 43: [131, 2, 3, 29, 2, 4], -10967.9166667
Simulation 44: [114, 2, 3, 30, 3, 5], -8195.69444444
Simulation 45: [131, 2, 1, 24, 2, 4], -11066.1111111
Simulation 46: [114, 2, 4, 30, 2, 5], -8197.36111111
Simulation 47: [128, 2, 10, 29, 3, 4], -10159.4444444
Simulation 48: [112, 2, 6, 27, 1, 3], -7935.69444444
Simulation 49: [111, 2, 6, 28, 2, 6], -7650.69444444
Simulation 50: [119, 2, 2, 27, 1, 4], -9092.36111111
Simulation 51: [100, 2, 5, 24, 1, 7], -6195.69444444
Simulation 52: [132, 2, 3, 31, 2, 5], -11102.3611111
Simulation 53: [134, 2, 5, 30, 4, 7], -11191.1111111
Simulation 54: [120, 2, 1, 31, 1, 3], -9346.11111111
Simulation 55: [115, 2, 7, 31, 2, 5], -8245.0
Simulation 56: [119, 2, 1, 29, 3, 5], -9022.91666667
Simulation 57: [115, 2, 1, 29, 2, 4], -8491.25
Simulation 58: [110, 2, 6, 28, 2, 5], -7542.91666667
Simulation 59: [134, 2, 9, 26, 2, 5], -11221.1111111
Simulation 60: [110, 2, 3, 26, 2, 8], -7547.36111111
Simulation 61: [126, 2, 5, 28, 1, 5], -10055.6944444
Simulation 62: [125, 2, 2, 27, 2, 7], -9897.91666667
Simulation 63: [106, 2, 2, 27, 2, 4], -7154.02777778
Simulation 64: [110, 2, 4, 27, 2, 8], -7512.91666667
Simulation 65: [140, 2, 14, 26, 0, 3], -12317.3611111
Simulation 66: [128, 2, 1, 26, 1, 6], -10516.1111111
Simulation 67: [120, 2, 3, 27, 3, 3], -9166.11111111
Simulation 68: [133, 2, 1, 32, 2, 6], -11329.4444444
Simulation 69: [114, 2, 5, 25, 3, 6], -8075.69444444
Simulation 70: [118, 2, 2, 31, 4, 5], -8800.0
Simulation 71: [136, 2, 1, 27, 2, 7], -11815.6944444
Simulation 72: [121, 2, 7, 28, 1, 4], -9222.36111111
Simulation 73: [142, 2, 4, 26, 1, 7], -12824.4444444
Simulation 74: [120, 2, 3, 27, 2, 6], -9096.11111111
Simulation 75: [125, 2, 4, 29, 1, 4], -9971.25
Simulation 76: [111, 2, 5, 29, 2, 7], -7656.66666667
Simulation 77: [107, 2, 7, 26, 2, 8], -6996.11111111
Simulation 78: [137, 2, 2, 25, 2, 5], -12035.6944444
Simulation 79: [125, 4, 2, 24, 2, 3], -9972.77777778
Simulation 80: [115, 2, 3, 26, 1, 6], -8374.58333333
Simulation 81: [122, 2, 12, 27, 2, 4], -9184.02777778
Simulation 82: [119, 2, 4, 27, 2, 4], -8974.44444444
Simulation 83: [129, 2, 3, 28, 4, 5], -10504.5833333
Simulation 84: [116, 2, 3, 28, 2, 6], -8487.36111111
Simulation 85: [126, 2, 3, 28, 2, 5], -10091.1111111
Simulation 86: [114, 2, 4, 29, 4, 5], -8114.44444444
Simulation 87: [110, 2, 8, 30, 3, 6], -7416.25
Simulation 88: [135, 2, 2, 27, 4, 6], -11542.7777778
Simulation 89: [124, 2, 2, 26, 2, 7], -9737.36111111
Simulation 90: [131, 2, 3, 29, 1, 5], -10972.9166667
Simulation 91: [116, 2, 4, 27, 2, 3], -8554.44444444
Simulation 92: [124, 2, 4, 26, 2, 5], -9727.36111111
Simulation 93: [122, 2, 4, 31, 1, 7], -9389.02777778
Simulation 94: [108, 2, 2, 26, 2, 8], -7304.44444444
Simulation 95: [134, 2, 14, 27, 1, 3], -11195.6944444
Simulation 96: [119, 2, 4, 25, 2, 6], -8904.44444444
Simulation 97: [138, 3, 4, 26, 4, 5], -11988.3333333
Simulation 98: [127, 2, 5, 30, 3, 6], -10095.6944444
Simulation 99: [117, 2, 5, 27, 2, 5], -8596.11111111
Simulation 100: [112, 2, 2, 29, 2, 10], -7824.02777778
Simulation 101: [119, 2, 4, 28, 4, 5], -8860.0
Simulation 102: [118, 2, 3, 27, 2, 3], -8895.69444444
Simulation 103: [113, 2, 2, 24, 4, 7], -7972.77777778
Simulation 104: [140, 2, 6, 34, 2, 6], -12349.4444444
Simulation 105: [139, 2, 7, 28, 5, 6], -11992.3611111
Simulation 106: [111, 2, 11, 26, 0, 7], -7552.36111111
Simulation 107: [135, 2, 3, 28, 3, 8], -11462.3611111
Simulation 108: [114, 2, 2, 27, 2, 4], -8294.02777778
Simulation 109: [103, 2, 3, 30, 3, 9], -6551.66666667
Simulation 110: [136, 2, 3, 25, 2, 4], -11852.7777778
Simulation 111: [104, 2, 8, 30, 3, 6], -6606.25
Simulation 112: [116, 2, 4, 28, 1, 8], -8426.25
Simulation 113: [135, 2, 5, 22, 4, 8], -11379.4444444
Simulation 114: [116, 2, 3, 27, 2, 7], -8452.36111111
Simulation 115: [130, 2, 5, 31, 2, 4], -10720.0
Simulation 116: [124, 2, 6, 30, 1, 4], -9737.36111111
Simulation 117: [111, 2, 8, 28, 2, 8], -7522.91666667
Simulation 118: [116, 2, 2, 30, 1, 6], -8577.36111111
Simulation 119: [137, 2, 7, 24, 2, 7], -11759.0277778
Simulation 120: [130, 2, 4, 27, 2, 3], -10798.3333333
Simulation 121: [132, 2, 2, 27, 1, 6], -11151.1111111
Simulation 122: [109, 2, 2, 26, 1, 8], -7482.77777778
Simulation 123: [110, 2, 5, 29, 2, 6], -7547.77777778
Simulation 124: [130, 2, 2, 29, 4, 8], -10604.0277778
Simulation 125: [116, 2, 2, 26, 2, 6], -8522.77777778
Simulation 126: [107, 2, 2, 29, 1, 8], -7219.02777778
Simulation 127: [120, 2, 4, 25, 1, 5], -9135.69444444
Simulation 128: [123, 2, 8, 22, 1, 6], -9453.33333333
Simulation 129: [117, 2, 4, 30, 2, 8], -8540.69444444
Simulation 130: [112, 2, 3, 24, 2, 7], -7863.33333333
Simulation 131: [138, 3, 3, 25, 1, 4], -12215.0
Simulation 132: [114, 2, 5, 28, 3, 4], -8148.33333333
Simulation 133: [139, 2, 2, 27, 2, 5], -12387.9166667
Simulation 134: [121, 2, 4, 29, 2, 6], -9216.11111111
Simulation 135: [122, 2, 3, 26, 4, 6], -9330.69444444
Simulation 136: [137, 2, 2, 27, 3, 8], -11865.6944444
Simulation 137: [119, 3, 4, 29, 4, 4], -8859.02777778
Simulation 138: [117, 2, 10, 25, 2, 4], -8476.11111111
Simulation 139: [140, 2, 2, 29, 3, 5], -12519.0277778
Simulation 140: [112, 2, 6, 29, 3, 5], -7792.36111111
Simulation 141: [103, 2, 2, 29, 3, 9], -6581.11111111
Simulation 142: [117, 2, 6, 25, 1, 6], -8569.02777778
Simulation 143: [114, 3, 3, 25, 1, 8], -8126.11111111
Simulation 144: [124, 2, 1, 28, 1, 6], -9856.66666667
Simulation 145: [118, 2, 3, 29, 3, 5], -8787.77777778
Simulation 146: [131, 2, 3, 30, 3, 7], -10807.7777778
Simulation 147: [128, 3, 1, 23, 3, 4], -10478.3333333
Simulation 148: [129, 2, 4, 26, 3, 7], -10434.5833333
Simulation 149: [142, 2, 5, 27, 3, 5], -12761.1111111
Simulation 150: [104, 2, 3, 27, 3, 6], -6749.02777778
Simulation 151: [138, 2, 4, 24, 3, 5], -12092.7777778
Simulation 152: [116, 2, 4, 24, 2, 5], -8482.91666667
Simulation 153: [116, 2, 4, 26, 2, 3], -8552.91666667
Simulation 154: [116, 2, 4, 29, 2, 8], -8387.36111111
Simulation 155: [128, 2, 4, 27, 1, 6], -10388.3333333
Simulation 156: [141, 3, 2, 27, 1, 4], -12799.4444444
Simulation 157: [122, 2, 2, 27, 2, 6], -9450.69444444
Simulation 158: [139, 2, 2, 27, 3, 4], -12384.5833333
Simulation 159: [120, 2, 1, 26, 2, 7], -9144.44444444
Simulation 160: [100, 2, 9, 26, 1, 7], -6089.02777778
Simulation 161: [142, 2, 6, 25, 2, 6], -12739.5833333
Simulation 162: [115, 2, 5, 27, 2, 4], -8332.36111111
Simulation 163: [121, 2, 4, 29, 2, 6], -9216.11111111
Simulation 164: [111, 2, 8, 28, 3, 8], -7482.77777778
Simulation 165: [126, 2, 3, 26, 4, 7], -9938.33333333
Simulation 166: [135, 2, 4, 29, 3, 6], -11492.3611111
Simulation 167: [134, 2, 2, 25, 1, 4], -11585.0
Simulation 168: [116, 2, 3, 28, 3, 5], -8482.36111111
Simulation 169: [115, 2, 1, 26, 2, 3], -8515.69444444
Simulation 170: [125, 2, 3, 29, 1, 4], -10011.1111111
Simulation 171: [141, 2, 16, 30, 5, 9], -11899.0277778
Simulation 172: [119, 2, 2, 28, 4, 8], -8837.36111111
Simulation 173: [117, 2, 3, 23, 3, 10], -8482.77777778
Simulation 174: [117, 2, 3, 24, 1, 8], -8615.69444444
Simulation 175: [129, 2, 1, 26, 1, 7], -10649.4444444
Simulation 176: [140, 2, 8, 32, 1, 8], -12230.6944444
Simulation 177: [110, 2, 6, 28, 2, 8], -7446.66666667
Simulation 178: [116, 2, 4, 30, 2, 7], -8424.02777778
Simulation 179: [123, 2, 6, 26, 3, 7], -9379.02777778
Simulation 180: [137, 2, 3, 26, 2, 4], -12026.6666667
Simulation 181: [114, 2, 3, 28, 4, 6], -8114.02777778
Simulation 182: [138, 2, 5, 27, 1, 7], -12043.3333333
Simulation 183: [119, 2, 2, 28, 2, 5], -9017.77777778
Simulation 184: [124, 2, 6, 32, 1, 5], -9707.77777778
Simulation 185: [135, 2, 6, 29, 2, 7], -11415.6944444
Simulation 186: [138, 2, 14, 25, 0, 4], -11919.5833333
Simulation 187: [119, 2, 4, 25, 1, 6], -8945.69444444
Simulation 188: [137, 2, 6, 26, 1, 6], -11867.7777778
Simulation 189: [135, 2, 5, 30, 1, 4], -11624.5833333
Simulation 190: [115, 2, 8, 31, 1, 7], -8184.44444444
Simulation 191: [111, 2, 6, 29, 2, 6], -7655.0
Simulation 192: [134, 2, 5, 24, 2, 5], -11382.7777778
Simulation 193: [112, 2, 4, 30, 3, 5], -7868.33333333
Simulation 194: [120, 2, 4, 27, 1, 6], -9099.44444444
Simulation 195: [109, 2, 5, 27, 1, 7], -7407.36111111
Simulation 196: [141, 2, 4, 27, 3, 5], -12619.4444444
Simulation 197: [132, 2, 3, 25, 2, 7], -11034.5833333
Simulation 198: [132, 2, 5, 28, 2, 8], -10902.9166667
Simulation 199: [130, 2, 2, 21, 2, 6], -10800.6944444
Simulation 200: [117, 3, 5, 26, 5, 8], -8337.77777778
Simulation 201: [112, 2, 4, 27, 2, 8], -7797.36111111
Simulation 202: [112, 2, 1, 29, 2, 5], -8015.69444444
Simulation 203: [133, 2, 3, 29, 1, 7], -11240.6944444
Simulation 204: [93, 2, 7, 27, 3, 8], -5197.77777778
Simulation 205: [113, 2, 5, 27, 3, 7], -7897.36111111
Simulation 206: [126, 2, 1, 33, 2, 7], -10124.5833333
Simulation 207: [140, 2, 5, 23, 2, 7], -12392.3611111
Simulation 208: [120, 4, 3, 26, 2, 5], -9052.77777778
Simulation 209: [141, 2, 2, 20, 4, 10], -12554.0277778
Simulation 210: [122, 2, 3, 24, 4, 6], -9337.36111111
Simulation 211: [118, 2, 7, 27, 1, 7], -8651.66666667
Simulation 212: [124, 2, 3, 30, 3, 5], -9729.02777778
Simulation 213: [122, 2, 1, 29, 2, 6], -9496.66666667
Simulation 214: [134, 2, 4, 25, 1, 7], -11385.6944444
Simulation 215: [129, 2, 5, 26, 2, 3], -10592.3611111
Simulation 216: [127, 2, 2, 29, 1, 4], -10381.25
Simulation 217: [128, 2, 8, 28, 1, 6], -10237.3611111
Simulation 218: [128, 2, 2, 34, 3, 8], -10332.9166667
Simulation 219: [118, 2, 10, 32, 2, 4], -8640.0
Simulation 220: [126, 2, 3, 28, 4, 5], -10008.3333333
Simulation 221: [131, 2, 4, 25, 3, 4], -10892.3611111
Simulation 222: [109, 2, 5, 26, 2, 10], -7281.11111111
Simulation 223: [129, 2, 3, 24, 1, 4], -10682.3611111
Simulation 224: [114, 2, 3, 27, 3, 8], -8085.69444444
Simulation 225: [122, 2, 5, 31, 4, 5], -9295.69444444
Simulation 226: [126, 2, 9, 25, 2, 6], -9841.11111111
Simulation 227: [127, 2, 6, 27, 2, 5], -10139.0277778
Simulation 228: [143, 2, 4, 27, 2, 4], -13081.1111111
Simulation 229: [112, 2, 3, 25, 1, 5], -7964.44444444
Simulation 230: [126, 2, 1, 25, 1, 5], -10221.1111111
Simulation 231: [129, 2, 10, 27, 1, 5], -10378.3333333
Simulation 232: [138, 3, 2, 24, 3, 5], -12135.6944444
Simulation 233: [138, 2, 2, 26, 2, 4], -12251.6666667
Simulation 234: [124, 2, 2, 24, 2, 3], -9887.36111111
Simulation 235: [130, 2, 3, 32, 3, 4], -10763.3333333
Simulation 236: [143, 2, 2, 27, 3, 5], -13082.7777778
Simulation 237: [108, 2, 6, 26, 3, 5], -7220.0
Simulation 238: [150, 2, 4, 25, 1, 4], -14496.6666667
Simulation 239: [130, 2, 3, 29, 2, 5], -10757.9166667
Simulation 240: [139, 2, 3, 24, 4, 7], -12195.6944444
Simulation 241: [124, 2, 3, 28, 2, 6], -9729.58333333
Simulation 242: [119, 2, 4, 29, 3, 6], -8865.69444444
Simulation 243: [127, 2, 2, 27, 3, 6], -10219.0277778
Simulation 244: [126, 2, 4, 27, 1, 6], -10057.7777778
Simulation 245: [135, 2, 8, 23, 2, 4], -11496.6666667
Simulation 246: [122, 2, 5, 28, 2, 8], -9264.02777778
Simulation 247: [151, 2, 3, 26, 2, 6], -14594.4444444
Simulation 248: [107, 2, 5, 27, 2, 5], -7154.44444444
Simulation 249: [131, 2, 11, 25, 2, 8], -10532.3611111
Simulation 250: [109, 2, 5, 23, 1, 7], -7406.25
Simulation 251: [123, 2, 2, 27, 1, 3], -9762.77777778
Simulation 252: [135, 2, 8, 22, 2, 8], -11352.9166667
Simulation 253: [143, 2, 4, 26, 3, 6], -12956.1111111
Simulation 254: [122, 2, 8, 29, 0, 4], -9392.91666667
Simulation 255: [119, 2, 4, 28, 2, 6], -8904.02777778
Simulation 256: [126, 2, 8, 27, 0, 5], -9995.0
Simulation 257: [124, 2, 6, 29, 5, 4], -9567.77777778
Simulation 258: [143, 2, 6, 26, 4, 8], -12742.9166667
Simulation 259: [128, 2, 3, 26, 3, 3], -10461.25
Simulation 260: [131, 2, 6, 26, 3, 8], -10656.1111111
Simulation 261: [127, 2, 6, 28, 2, 5], -10137.7777778
Simulation 262: [137, 2, 6, 26, 3, 6], -11775.0
Simulation 263: [117, 2, 13, 31, 0, 8], -8344.58333333
Simulation 264: [129, 2, 3, 26, 2, 8], -10484.4444444
Simulation 265: [129, 3, 1, 28, 3, 6], -10552.7777778
Simulation 266: [126, 2, 1, 24, 4, 6], -10067.3611111
Simulation 267: [123, 2, 2, 28, 3, 7], -9534.58333333
Simulation 268: [128, 2, 6, 22, 2, 6], -10296.1111111
Simulation 269: [123, 2, 1, 23, 3, 6], -9622.77777778
Simulation 270: [144, 2, 4, 27, 1, 7], -13192.3611111
Simulation 271: [125, 2, 7, 25, 2, 5], -9782.77777778
Simulation 272: [116, 2, 6, 25, 1, 4], -8487.77777778
Simulation 273: [93, 2, 11, 27, 2, 7], -5162.77777778
Simulation 274: [105, 2, 4, 30, 1, 5], -6974.58333333
Simulation 275: [123, 2, 3, 28, 2, 5], -9605.69444444
Simulation 276: [127, 2, 5, 27, 4, 9], -9948.33333333
Simulation 277: [125, 2, 11, 27, 1, 5], -9692.91666667
Simulation 278: [127, 2, 1, 26, 1, 5], -10385.0
Simulation 279: [118, 3, 3, 22, 3, 6], -8722.36111111
Simulation 280: [106, 2, 4, 30, 3, 4], -7067.36111111
Simulation 281: [134, 2, 3, 28, 3, 7], -11324.5833333
Simulation 282: [120, 3, 2, 28, 3, 3], -9167.91666667
Simulation 283: [146, 2, 6, 28, 0, 5], -13614.0277778
Simulation 284: [111, 2, 4, 29, 1, 5], -7797.77777778
Simulation 285: [128, 2, 2, 27, 3, 4], -10461.1111111
Simulation 286: [115, 2, 3, 28, 3, 7], -8266.11111111
Simulation 287: [94, 2, 2, 28, 1, 10], -5500.69444444
Simulation 288: [128, 3, 2, 27, 4, 4], -10378.3333333
Simulation 289: [113, 3, 5, 29, 3, 4], -7967.36111111
Simulation 290: [107, 2, 3, 27, 3, 7], -7124.02777778
Simulation 291: [128, 2, 1, 25, 3, 8], -10365.6944444
Simulation 292: [117, 2, 8, 31, 3, 6], -8429.02777778
Simulation 293: [125, 2, 6, 28, 1, 6], -9818.33333333
Simulation 294: [125, 2, 8, 30, 0, 5], -9834.44444444
Simulation 295: [108, 2, 8, 24, 0, 5], -7276.25
Simulation 296: [123, 2, 4, 27, 1, 6], -9572.36111111
Simulation 297: [122, 2, 3, 29, 2, 5], -9449.02777778
Simulation 298: [148, 2, 3, 26, 3, 4], -14043.3333333
Simulation 299: [129, 2, 3, 25, 1, 6], -10602.7777778
Simulation 300: [106, 2, 4, 28, 3, 4], -7052.91666667
Simulation 301: [144, 2, 2, 26, 3, 4], -13320.6944444
Simulation 302: [105, 3, 2, 26, 2, 4], -6977.77777778
Simulation 303: [102, 2, 7, 27, 1, 6], -6432.36111111
Simulation 304: [131, 2, 5, 29, 1, 5], -10890.6944444
Simulation 305: [147, 2, 3, 21, 2, 4], -13952.3611111
Simulation 306: [124, 2, 7, 28, 2, 7], -9541.11111111
Simulation 307: [111, 2, 10, 22, 2, 7], -7507.77777778
Simulation 308: [119, 2, 4, 27, 2, 6], -8902.77777778
Simulation 309: [121, 2, 4, 25, 2, 5], -9251.25
Simulation 310: [116, 2, 4, 25, 3, 7], -8375.69444444
Simulation 311: [99, 2, 4, 26, 3, 8], -6007.77777778
Simulation 312: [136, 2, 2, 24, 2, 5], -11862.9166667
Simulation 313: [134, 2, 3, 22, 2, 6], -11444.0277778
Simulation 314: [143, 2, 2, 26, 3, 8], -12969.4444444
Simulation 315: [138, 2, 4, 27, 1, 5], -12164.5833333
Simulation 316: [122, 2, 4, 29, 2, 4], -9447.36111111
Simulation 317: [135, 2, 3, 29, 2, 7], -11542.7777778
Simulation 318: [121, 2, 4, 26, 2, 7], -9180.0
Simulation 319: [113, 2, 4, 27, 2, 4], -8072.77777778
Simulation 320: [126, 2, 4, 25, 3, 6], -9977.77777778
Simulation 321: [119, 2, 2, 28, 3, 5], -8977.91666667
Simulation 322: [123, 2, 3, 29, 3, 6], -9529.44444444
Simulation 323: [114, 2, 7, 31, 2, 12], -7878.33333333
Simulation 324: [117, 2, 5, 26, 2, 4], -8631.66666667
Simulation 325: [121, 2, 11, 29, 2, 4], -9055.69444444
Simulation 326: [106, 2, 5, 28, 2, 15], -6764.44444444
Simulation 327: [111, 2, 5, 32, 2, 7], -7677.91666667
Simulation 328: [128, 2, 4, 27, 3, 6], -10301.1111111
Simulation 329: [137, 2, 4, 25, 1, 4], -12035.6944444
Simulation 330: [123, 2, 7, 32, 1, 5], -9512.77777778
Simulation 331: [115, 2, 4, 27, 1, 6], -8339.02777778
Simulation 332: [124, 2, 4, 33, 3, 3], -9785.69444444
Simulation 333: [142, 2, 2, 26, 4, 7], -12776.25
Simulation 334: [122, 2, 1, 28, 2, 5], -9529.44444444
Simulation 335: [130, 2, 2, 27, 2, 4], -10840.6944444
Simulation 336: [123, 2, 4, 30, 3, 8], -9421.11111111
Simulation 337: [104, 2, 4, 24, 2, 6], -6742.77777778
Simulation 338: [116, 2, 6, 24, 2, 6], -8380.0
Simulation 339: [121, 2, 3, 27, 2, 9], -9154.44444444
Simulation 340: [127, 2, 3, 28, 2, 8], -10147.7777778
Simulation 341: [121, 2, 4, 25, 3, 5], -9211.11111111
Simulation 342: [125, 2, 4, 31, 3, 9], -9708.33333333
Simulation 343: [144, 2, 4, 27, 2, 4], -13269.5833333
Simulation 344: [127, 2, 3, 23, 1, 5], -10314.0277778
Simulation 345: [112, 2, 2, 26, 1, 8], -7910.69444444
Simulation 346: [120, 2, 2, 27, 3, 4], -9167.77777778
Simulation 347: [118, 2, 3, 26, 2, 8], -8722.91666667
Simulation 348: [120, 2, 7, 27, 3, 8], -8839.02777778
Simulation 349: [123, 2, 2, 24, 3, 6], -9576.11111111
Simulation 350: [118, 2, 7, 33, 3, 4], -8702.36111111
Simulation 351: [136, 4, 2, 25, 3, 3], -11809.0277778
Simulation 352: [122, 2, 3, 29, 3, 6], -9371.25
Simulation 353: [125, 2, 1, 28, 2, 4], -10050.0
Simulation 354: [145, 3, 1, 27, 3, 5], -13462.7777778
Simulation 355: [136, 2, 6, 25, 3, 6], -11604.4444444
Simulation 356: [133, 2, 2, 27, 2, 5], -11317.9166667
Simulation 357: [125, 2, 2, 25, 3, 4], -9969.02777778
Simulation 358: [133, 2, 3, 28, 3, 5], -11228.3333333
Simulation 359: [136, 2, 2, 28, 3, 6], -11759.5833333
Simulation 360: [102, 2, 4, 27, 2, 7], -6458.33333333
Simulation 361: [131, 2, 3, 24, 3, 7], -10826.1111111
Simulation 362: [99, 2, 3, 28, 4, 8], -6018.33333333
Simulation 363: [132, 2, 1, 28, 2, 5], -11187.7777778
Simulation 364: [141, 2, 2, 27, 2, 8], -12637.7777778
Simulation 365: [118, 2, 2, 29, 4, 9], -8656.11111111
Simulation 366: [139, 2, 3, 26, 0, 4], -12483.3333333
Simulation 367: [138, 2, 3, 23, 2, 5], -12189.0277778
Simulation 368: [105, 2, 4, 28, 1, 12], -6769.44444444
Simulation 369: [127, 2, 6, 25, 1, 11], -9987.77777778
Simulation 370: [121, 2, 2, 29, 3, 8], -9187.91666667
Simulation 371: [98, 2, 3, 30, 1, 6], -6072.77777778
Simulation 372: [129, 2, 3, 27, 5, 4], -10506.1111111
Simulation 373: [145, 2, 4, 26, 1, 7], -13389.0277778
Simulation 374: [114, 2, 3, 23, 3, 7], -8121.11111111
Simulation 375: [126, 2, 1, 28, 2, 3], -10253.3333333
Simulation 376: [120, 2, 6, 25, 2, 5], -9022.77777778
Simulation 377: [133, 2, 2, 27, 2, 5], -11317.9166667
Simulation 378: [111, 2, 6, 29, 2, 8], -7591.11111111
Simulation 379: [144, 2, 5, 26, 1, 6], -13196.1111111
Simulation 380: [124, 2, 7, 28, 4, 6], -9492.91666667
Simulation 381: [125, 2, 3, 27, 3, 4], -9924.44444444
Simulation 382: [133, 2, 2, 26, 3, 7], -11202.3611111
Simulation 383: [114, 2, 7, 26, 0, 3], -8236.11111111
Simulation 384: [109, 2, 2, 28, 1, 5], -7581.25
Simulation 385: [119, 2, 9, 25, 3, 4], -8768.33333333
Simulation 386: [137, 2, 2, 25, 2, 8], -11922.7777778
Simulation 387: [120, 3, 5, 24, 4, 4], -8979.44444444
Simulation 388: [117, 2, 2, 25, 2, 11], -8527.91666667
Simulation 389: [127, 2, 5, 28, 1, 4], -10259.0277778
Simulation 390: [146, 2, 3, 27, 1, 4], -13744.5833333
Simulation 391: [140, 2, 5, 30, 3, 4], -12426.1111111
Simulation 392: [123, 2, 5, 27, 2, 6], -9491.25
Simulation 393: [105, 2, 5, 29, 4, 8], -6727.91666667
Simulation 394: [131, 2, 2, 27, 1, 5], -11016.6666667
Simulation 395: [146, 2, 1, 28, 3, 5], -13695.6944444
Simulation 396: [148, 2, 6, 23, 3, 6], -13856.1111111
Simulation 397: [106, 2, 5, 26, 3, 7], -6915.69444444
Simulation 398: [113, 2, 9, 24, 1, 6], -7885.69444444
Simulation 399: [111, 2, 4, 25, 2, 8], -7652.77777778
Simulation 400: [129, 2, 2, 28, 2, 6], -10594.0277778
Simulation 401: [122, 2, 3, 26, 1, 7], -9419.02777778
Simulation 402: [108, 2, 5, 30, 2, 4], -7344.02777778
Simulation 403: [139, 2, 2, 18, 1, 7], -12452.3611111
Simulation 404: [109, 3, 3, 24, 2, 8], -7369.02777778
Simulation 405: [132, 2, 7, 25, 2, 4], -10992.7777778
Simulation 406: [131, 2, 2, 26, 2, 5], -10975.0
Simulation 407: [123, 2, 6, 30, 1, 5], -9539.02777778
Simulation 408: [116, 2, 4, 25, 1, 7], -8455.69444444
Simulation 409: [133, 2, 4, 29, 2, 3], -11312.3611111
Simulation 410: [114, 3, 4, 24, 4, 4], -8106.25
Simulation 411: [126, 2, 1, 25, 3, 6], -10102.3611111
Simulation 412: [139, 2, 5, 29, 3, 5], -12202.9166667
Simulation 413: [108, 2, 5, 27, 3, 6], -7222.36111111
Simulation 414: [123, 2, 8, 28, 2, 5], -9421.66666667
Simulation 415: [105, 2, 4, 28, 2, 8], -6830.69444444
Simulation 416: [106, 2, 5, 28, 3, 5], -6985.69444444
Simulation 417: [129, 2, 1, 25, 3, 5], -10639.5833333
Simulation 418: [116, 2, 7, 30, 4, 11], -8107.77777778
Simulation 419: [119, 2, 6, 25, 3, 8], -8725.69444444
Simulation 420: [114, 2, 6, 28, 2, 6], -8082.77777778
Simulation 421: [134, 2, 3, 25, 1, 4], -11542.3611111
Simulation 422: [122, 2, 4, 24, 2, 6], -9377.77777778
Simulation 423: [122, 2, 2, 29, 2, 6], -9454.02777778
Simulation 424: [115, 2, 6, 27, 3, 3], -8296.66666667
Simulation 425: [134, 2, 5, 24, 1, 6], -11389.4444444
Simulation 426: [120, 2, 3, 27, 3, 5], -9091.11111111
Simulation 427: [107, 2, 5, 26, 2, 5], -7151.25
Simulation 428: [112, 2, 7, 28, 2, 9], -7666.11111111
Simulation 429: [128, 2, 4, 25, 1, 8], -10325.0
Simulation 430: [128, 2, 1, 28, 2, 8], -10400.6944444
Simulation 431: [138, 2, 4, 25, 0, 6], -12184.0277778
Simulation 432: [97, 2, 6, 25, 4, 11], -5589.02777778
Simulation 433: [113, 2, 3, 25, 2, 6], -8039.02777778
Simulation 434: [131, 2, 4, 27, 2, 4], -10927.7777778
Simulation 435: [142, 3, 1, 28, 3, 4], -12935.6944444
Simulation 436: [148, 2, 3, 22, 3, 9], -13885.6944444
Simulation 437: [114, 2, 7, 29, 2, 4], -8124.44444444
Simulation 438: [144, 2, 6, 29, 3, 4], -13126.1111111
Simulation 439: [126, 2, 5, 26, 3, 8], -9864.44444444
Simulation 440: [150, 3, 2, 25, 3, 4], -14445.6944444
Simulation 441: [110, 2, 3, 30, 4, 5], -7584.44444444
Simulation 442: [150, 2, 7, 23, 1, 10], -14145.6944444
Simulation 443: [128, 2, 3, 31, 1, 3], -10553.3333333
Simulation 444: [126, 2, 4, 30, 2, 5], -10054.0277778
Simulation 445: [127, 2, 2, 27, 4, 7], -10142.3611111
Simulation 446: [123, 2, 3, 31, 1, 7], -9587.36111111
Simulation 447: [125, 2, 9, 27, 1, 9], -9610.69444444
Simulation 448: [111, 3, 2, 26, 3, 6], -7712.36111111
Simulation 449: [134, 2, 2, 27, 1, 8], -11426.6666667
Simulation 450: [98, 3, 2, 28, 2, 6], -6017.36111111
Simulation 451: [123, 2, 9, 29, 1, 9], -9290.69444444
Simulation 452: [125, 2, 2, 24, 2, 5], -9976.11111111
Simulation 453: [120, 2, 7, 30, 2, 6], -8954.02777778
Simulation 454: [113, 2, 5, 24, 1, 6], -8009.02777778
Simulation 455: [110, 2, 2, 25, 2, 7], -7612.77777778
Simulation 456: [118, 2, 5, 25, 1, 7], -8722.77777778
Simulation 457: [113, 2, 6, 32, 2, 5], -7996.11111111
Simulation 458: [123, 2, 3, 27, 2, 10], -9439.02777778
Simulation 459: [114, 2, 7, 22, 2, 8], -7997.36111111
Simulation 460: [137, 2, 2, 26, 2, 6], -11990.6944444
Simulation 461: [142, 2, 4, 27, 4, 7], -12676.6666667
Simulation 462: [135, 2, 3, 26, 4, 9], -11392.3611111
Simulation 463: [149, 2, 1, 29, 2, 9], -14156.6666667
Simulation 464: [127, 2, 2, 32, 2, 9], -10166.6666667
Simulation 465: [119, 2, 8, 28, 1, 7], -8771.25
Simulation 466: [128, 4, 5, 24, 1, 4], -10354.4444444
Simulation 467: [141, 2, 7, 29, 0, 4], -12674.5833333
Simulation 468: [118, 2, 3, 28, 2, 5], -8824.44444444
Simulation 469: [110, 2, 2, 27, 3, 5], -7642.36111111
Simulation 470: [141, 2, 4, 27, 2, 6], -12624.4444444
Simulation 471: [117, 2, 6, 31, 4, 4], -8532.77777778
Simulation 472: [145, 2, 4, 28, 2, 7], -13326.1111111
Simulation 473: [123, 2, 5, 27, 1, 7], -9499.58333333
Simulation 474: [118, 2, 14, 28, 1, 7], -8451.11111111
Simulation 475: [140, 2, 4, 24, 1, 8], -12434.0277778
Simulation 476: [113, 2, 3, 27, 2, 4], -8109.02777778
Simulation 477: [113, 2, 1, 27, 2, 4], -8185.69444444
Simulation 478: [109, 3, 6, 31, 4, 7], -7237.77777778
Simulation 479: [144, 2, 4, 24, 2, 7], -13169.5833333
Simulation 480: [128, 2, 10, 28, 1, 7], -10132.7777778
Simulation 481: [138, 2, 6, 36, 3, 5], -11997.7777778
Simulation 482: [129, 2, 6, 30, 4, 6], -10342.9166667
Simulation 483: [137, 2, 4, 26, 2, 4], -11984.0277778
Simulation 484: [119, 2, 4, 25, 1, 4], -9015.69444444
Simulation 485: [141, 2, 2, 25, 4, 7], -12599.0277778
Simulation 486: [124, 2, 1, 23, 2, 5], -9859.02777778
Simulation 487: [121, 4, 3, 27, 2, 7], -9137.77777778
Simulation 488: [150, 2, 1, 26, 3, 6], -14446.1111111
Simulation 489: [125, 2, 3, 26, 2, 5], -9929.02777778
Simulation 490: [101, 2, 7, 25, 2, 6], -6259.02777778
Simulation 491: [120, 2, 5, 28, 2, 5], -9056.66666667
Simulation 492: [122, 2, 6, 29, 2, 6], -9297.36111111
Simulation 493: [150, 2, 2, 26, 1, 4], -14580.6944444
Simulation 494: [144, 2, 5, 26, 3, 6], -13100.0
Simulation 495: [120, 2, 4, 30, 3, 5], -9059.44444444
Simulation 496: [125, 2, 5, 27, 2, 5], -9849.44444444
Simulation 497: [138, 2, 3, 25, 3, 5], -12127.7777778
Simulation 498: [119, 2, 5, 29, 3, 5], -8864.02777778
Simulation 499: [132, 2, 7, 26, 2, 6], -10907.3611111
Simulation 500: [132, 2, 2, 31, 2, 4], -11187.3611111
Simulation 501: [169, 2, 5, 28, 2, 5], -18319.0277778
Simulation 502: [116, 2, 7, 24, 3, 6], -8307.77777778
Simulation 503: [124, 2, 7, 33, 2, 4], -9672.77777778
Simulation 504: [129, 2, 1, 25, 2, 4], -10719.0277778
Simulation 505: [126, 2, 3, 28, 2, 5], -10091.1111111
Simulation 506: [117, 3, 3, 26, 3, 5], -8590.69444444
Simulation 507: [118, 2, 5, 24, 2, 6], -8717.36111111
Simulation 508: [127, 2, 8, 25, 2, 5], -10075.6944444
Simulation 509: [124, 2, 6, 32, 2, 9], -9517.36111111
Simulation 510: [146, 2, 7, 26, 2, 5], -13486.1111111
Simulation 511: [127, 2, 2, 29, 4, 7], -10141.25
Simulation 512: [124, 2, 2, 29, 1, 5], -9852.36111111
Simulation 513: [114, 2, 5, 25, 5, 8], -7937.91666667
Simulation 514: [149, 2, 5, 27, 2, 5], -14142.7777778
Simulation 515: [121, 2, 7, 26, 3, 7], -9029.44444444
Simulation 516: [116, 2, 5, 30, 2, 6], -8420.69444444
Simulation 517: [127, 2, 3, 25, 2, 4], -10299.0277778
Simulation 518: [115, 2, 5, 28, 3, 8], -8159.02777778
Simulation 519: [128, 2, 8, 25, 2, 4], -10280.6944444
Simulation 520: [126, 2, 3, 29, 2, 5], -10092.3611111
Simulation 521: [126, 2, 3, 25, 1, 5], -10138.3333333
Simulation 522: [119, 2, 4, 27, 2, 5], -8937.91666667
Simulation 523: [135, 2, 2, 26, 2, 7], -11596.6666667
Simulation 524: [136, 2, 2, 26, 3, 6], -11767.3611111
Simulation 525: [138, 4, 2, 30, 2, 4], -12153.3333333
Simulation 526: [120, 2, 4, 29, 2, 10], -8930.69444444
Simulation 527: [147, 2, 3, 29, 2, 5], -13834.4444444
Simulation 528: [134, 2, 2, 26, 3, 5], -11452.7777778
Simulation 529: [128, 2, 4, 27, 2, 5], -10381.6666667
Simulation 530: [108, 2, 3, 28, 1, 7], -7342.36111111
Simulation 531: [133, 2, 2, 31, 3, 5], -11274.4444444
Simulation 532: [116, 2, 3, 26, 2, 10], -8362.91666667
Simulation 533: [118, 2, 5, 25, 2, 6], -8714.44444444
Simulation 534: [118, 2, 6, 26, 2, 4], -8749.44444444
Simulation 535: [105, 2, 3, 28, 3, 7], -6857.77777778
Simulation 536: [133, 2, 5, 28, 1, 5], -11235.0
Simulation 537: [132, 2, 1, 27, 3, 5], -11146.1111111
Simulation 538: [136, 2, 4, 24, 2, 6], -11738.3333333
Simulation 539: [122, 2, 2, 24, 3, 7], -9382.77777778
Simulation 540: [116, 2, 4, 28, 2, 9], -8354.02777778
Simulation 541: [132, 2, 4, 25, 1, 4], -11151.6666667
Simulation 542: [131, 2, 2, 26, 2, 4], -11014.0277778
Simulation 543: [134, 2, 7, 29, 2, 5], -11282.3611111
Simulation 544: [120, 2, 2, 23, 2, 6], -9144.02777778
Simulation 545: [130, 2, 5, 30, 1, 6], -10683.3333333
Simulation 546: [113, 2, 6, 29, 2, 6], -7941.11111111
Simulation 547: [129, 2, 4, 29, 1, 7], -10517.7777778
Simulation 548: [136, 3, 2, 32, 2, 5], -11801.6666667
Simulation 549: [144, 2, 4, 28, 3, 7], -13089.4444444
Simulation 550: [131, 2, 6, 25, 0, 3], -10989.0277778
Simulation 551: [123, 2, 4, 28, 4, 8], -9377.36111111
Simulation 552: [119, 2, 2, 24, 1, 11], -8877.91666667
Simulation 553: [111, 2, 9, 26, 2, 5], -7589.02777778
Simulation 554: [154, 2, 4, 24, 1, 13], -14956.6666667
Simulation 555: [123, 2, 4, 26, 3, 4], -9563.33333333
Simulation 556: [115, 2, 6, 29, 1, 6], -8274.58333333
Simulation 557: [122, 2, 4, 25, 2, 6], -9374.02777778
Simulation 558: [120, 2, 2, 29, 2, 5], -9176.11111111
Simulation 559: [112, 2, 4, 25, 3, 8], -7757.77777778
Simulation 560: [121, 2, 2, 26, 2, 7], -9259.44444444
Simulation 561: [128, 2, 4, 28, 1, 8], -10316.25
Simulation 562: [154, 2, 3, 25, 1, 3], -15394.4444444
Simulation 563: [113, 2, 2, 26, 2, 7], -8046.11111111
Simulation 564: [110, 2, 4, 31, 4, 10], -7397.36111111
Simulation 565: [113, 2, 6, 24, 3, 6], -7897.77777778
Simulation 566: [119, 2, 2, 26, 1, 6], -9021.66666667
Simulation 567: [125, 2, 13, 28, 2, 7], -9511.25
Simulation 568: [124, 2, 4, 27, 3, 6], -9647.77777778
Simulation 569: [122, 2, 8, 26, 1, 4], -9347.36111111
Simulation 570: [117, 2, 8, 24, 2, 7], -8432.77777778
Simulation 571: [130, 2, 2, 27, 1, 4], -10884.4444444
Simulation 572: [114, 2, 5, 28, 2, 5], -8151.66666667
Simulation 573: [104, 2, 12, 29, 3, 5], -6529.02777778
Simulation 574: [124, 2, 7, 24, 2, 4], -9664.02777778
Simulation 575: [115, 2, 5, 30, 2, 8], -8206.66666667
Simulation 576: [125, 2, 3, 28, 2, 4], -9966.11111111
Simulation 577: [134, 2, 6, 23, 2, 6], -11314.0277778
Simulation 578: [119, 2, 10, 25, 4, 8], -8555.0
Simulation 579: [120, 2, 3, 29, 1, 6], -9142.36111111
Simulation 580: [123, 3, 4, 28, 3, 6], -9445.69444444
Simulation 581: [103, 2, 5, 29, 3, 3], -6660.69444444
Simulation 582: [122, 2, 3, 25, 3, 7], -9338.33333333
Simulation 583: [95, 2, 5, 27, 4, 4], -5572.36111111
Simulation 584: [123, 2, 5, 26, 3, 6], -9451.25
Simulation 585: [142, 2, 6, 25, 1, 5], -12829.0277778
Simulation 586: [130, 2, 2, 28, 2, 5], -10800.6944444
Simulation 587: [136, 2, 7, 26, 1, 4], -11732.7777778
Simulation 588: [121, 2, 1, 27, 3, 6], -9294.44444444
Simulation 589: [122, 2, 8, 28, 2, 5], -9264.02777778
Simulation 590: [145, 2, 3, 27, 3, 5], -13414.0277778
Simulation 591: [118, 2, 7, 32, 1, 4], -8779.44444444
Simulation 592: [125, 2, 4, 28, 1, 11], -9731.25
Simulation 593: [120, 2, 4, 28, 2, 4], -9131.11111111
Simulation 594: [130, 2, 4, 28, 2, 4], -10756.1111111
Simulation 595: [121, 2, 7, 27, 1, 5], -9184.02777778
Simulation 596: [86, 2, 4, 33, 2, 6], -4664.02777778
Simulation 597: [134, 2, 3, 29, 4, 6], -11317.7777778
Simulation 598: [120, 2, 7, 30, 3, 8], -8841.11111111
Simulation 599: [99, 2, 2, 30, 2, 6], -6196.25
Simulation 600: [130, 3, 2, 28, 3, 5], -10714.5833333
Simulation 601: [132, 2, 8, 24, 1, 5], -10969.4444444
Simulation 602: [131, 2, 1, 29, 2, 6], -10977.9166667
Simulation 603: [112, 2, 10, 29, 4, 4], -7667.36111111
Simulation 604: [153, 2, 2, 29, 3, 3], -15110.0
Simulation 605: [139, 2, 2, 25, 2, 5], -12399.0277778
Simulation 606: [120, 2, 8, 29, 1, 4], -9036.11111111
Simulation 607: [142, 2, 2, 29, 2, 4], -12977.3611111
Simulation 608: [125, 2, 5, 30, 1, 5], -9896.66666667
Simulation 609: [138, 2, 3, 30, 3, 7], -12027.9166667
Simulation 610: [114, 2, 9, 29, 1, 5], -8067.77777778
Simulation 611: [107, 2, 4, 29, 3, 4], -7195.69444444
Simulation 612: [128, 2, 6, 26, 3, 7], -10189.4444444
Simulation 613: [126, 2, 6, 26, 2, 7], -9904.02777778
Simulation 614: [107, 2, 4, 27, 2, 7], -7125.69444444
Simulation 615: [122, 2, 6, 27, 2, 6], -9296.25
Simulation 616: [111, 2, 3, 26, 2, 4], -7816.11111111
Simulation 617: [101, 2, 4, 25, 1, 8], -6331.25
Simulation 618: [122, 2, 6, 31, 2, 3], -9421.11111111
Simulation 619: [109, 2, 12, 28, 2, 4], -7270.69444444
Simulation 620: [95, 2, 6, 25, 2, 3], -5629.02777778
Simulation 621: [136, 2, 3, 27, 1, 6], -11809.0277778
Simulation 622: [112, 2, 6, 28, 2, 10], -7671.11111111
Simulation 623: [124, 2, 5, 31, 2, 7], -9621.25
Simulation 624: [136, 2, 5, 27, 4, 5], -11629.0277778
Simulation 625: [129, 2, 4, 27, 1, 9], -10451.1111111
Simulation 626: [122, 2, 2, 30, 4, 5], -9412.91666667
Simulation 627: [144, 2, 7, 26, 0, 3], -13294.4444444
Simulation 628: [110, 3, 1, 28, 5, 7], -7512.77777778
Simulation 629: [134, 2, 6, 28, 0, 4], -11458.3333333
Simulation 630: [122, 2, 1, 27, 2, 6], -9492.77777778
Simulation 631: [127, 2, 2, 25, 1, 6], -10309.0277778
Simulation 632: [141, 2, 3, 27, 1, 3], -12842.9166667
Simulation 633: [129, 2, 6, 27, 2, 5], -10471.25
Simulation 634: [132, 2, 3, 24, 2, 6], -11077.3611111
Simulation 635: [135, 2, 4, 28, 1, 6], -11586.1111111
Simulation 636: [131, 2, 2, 28, 4, 6], -10847.3611111
Simulation 637: [116, 2, 7, 26, 2, 5], -8377.77777778
Simulation 638: [108, 2, 3, 31, 2, 11], -7212.36111111
Simulation 639: [112, 2, 5, 27, 1, 10], -7745.69444444
Simulation 640: [113, 2, 6, 30, 2, 8], -7880.69444444
Simulation 641: [125, 2, 4, 26, 2, 5], -9889.44444444
Simulation 642: [142, 2, 7, 20, 3, 8], -12641.1111111
Simulation 643: [133, 2, 8, 32, 3, 7], -10945.6944444
Simulation 644: [132, 2, 1, 29, 2, 5], -11187.9166667
Simulation 645: [122, 2, 4, 32, 2, 5], -9424.02777778
Simulation 646: [115, 2, 5, 29, 2, 5], -8302.77777778
Simulation 647: [118, 2, 3, 31, 3, 9], -8662.77777778
Simulation 648: [128, 2, 5, 30, 2, 5], -10342.7777778
Simulation 649: [121, 2, 3, 28, 2, 6], -9253.33333333
Simulation 650: [125, 2, 3, 24, 2, 5], -9935.69444444
Simulation 651: [124, 2, 4, 23, 2, 7], -9670.0
Simulation 652: [121, 2, 1, 25, 2, 7], -9302.77777778
Simulation 653: [118, 2, 3, 25, 4, 6], -8711.11111111
Simulation 654: [130, 2, 2, 22, 3, 4], -10824.0277778
Simulation 655: [129, 3, 2, 32, 2, 5], -10599.0277778
Simulation 656: [121, 2, 2, 30, 1, 5], -9379.02777778
Simulation 657: [115, 2, 6, 29, 3, 8], -8125.69444444
Simulation 658: [109, 2, 4, 27, 1, 6], -7472.36111111
Simulation 659: [129, 2, 1, 21, 1, 6], -10714.4444444
Simulation 660: [140, 2, 4, 26, 3, 8], -12322.9166667
Simulation 661: [122, 2, 7, 30, 1, 7], -9272.36111111
Simulation 662: [121, 2, 1, 23, 4, 7], -9232.77777778
Simulation 663: [120, 2, 3, 25, 2, 6], -9097.77777778
Simulation 664: [132, 2, 3, 30, 3, 6], -11016.1111111
Simulation 665: [110, 2, 4, 28, 3, 6], -7539.58333333
Simulation 666: [128, 2, 6, 27, 3, 9], -10115.6944444
Simulation 667: [117, 2, 3, 26, 1, 5], -8709.44444444
Simulation 668: [111, 2, 4, 30, 2, 5], -7764.44444444
Simulation 669: [134, 2, 4, 29, 1, 8], -11334.4444444
Simulation 670: [131, 2, 4, 26, 3, 7], -10772.3611111
Simulation 671: [111, 2, 2, 29, 4, 2], -7866.66666667
Simulation 672: [135, 2, 3, 27, 2, 6], -11585.6944444
Simulation 673: [102, 2, 4, 32, 2, 6], -6531.11111111
Simulation 674: [118, 2, 2, 20, 1, 4], -8956.25
Simulation 675: [121, 2, 4, 23, 1, 9], -9171.11111111
Simulation 676: [124, 2, 5, 27, 4, 6], -9568.33333333
Simulation 677: [154, 3, 2, 28, 2, 4], -15270.6944444
Simulation 678: [128, 2, 6, 25, 1, 6], -10318.3333333
Simulation 679: [128, 2, 2, 25, 2, 6], -10432.9166667
Simulation 680: [122, 2, 3, 25, 3, 4], -9444.58333333
Simulation 681: [122, 2, 1, 26, 2, 4], -9564.02777778
Simulation 682: [132, 2, 5, 26, 2, 3], -11104.4444444
Simulation 683: [131, 2, 1, 28, 2, 4], -11055.0
Simulation 684: [121, 2, 3, 27, 2, 4], -9324.58333333
Simulation 685: [128, 2, 3, 29, 2, 8], -10312.7777778
Simulation 686: [111, 2, 4, 25, 1, 5], -7784.44444444
Simulation 687: [127, 2, 1, 27, 2, 9], -10203.3333333
Simulation 688: [108, 2, 5, 30, 5, 5], -7199.02777778
Simulation 689: [98, 3, 3, 28, 3, 5], -5977.77777778
Simulation 690: [121, 2, 6, 27, 2, 4], -9213.33333333
Simulation 691: [119, 2, 2, 25, 2, 6], -8981.66666667
Simulation 692: [108, 2, 4, 29, 3, 6], -7266.11111111
Simulation 693: [106, 3, 4, 29, 6, 5], -6884.58333333
Simulation 694: [131, 2, 2, 27, 2, 4], -11011.6666667
Simulation 695: [102, 2, 2, 28, 1, 5], -6629.44444444
Simulation 696: [129, 2, 5, 28, 1, 4], -10592.3611111
Simulation 697: [125, 2, 8, 30, 1, 5], -9787.91666667
Simulation 698: [132, 2, 5, 25, 3, 7], -10908.3333333
Simulation 699: [127, 2, 2, 27, 3, 7], -10183.3333333
Simulation 700: [130, 2, 6, 28, 1, 6], -10644.0277778
Simulation 701: [117, 2, 4, 27, 3, 7], -8524.44444444
Simulation 702: [126, 2, 4, 28, 3, 4], -10047.3611111
Simulation 703: [121, 2, 5, 27, 2, 9], -9076.11111111
Simulation 704: [109, 2, 4, 28, 3, 4], -7466.66666667
Simulation 705: [126, 2, 3, 27, 4, 7], -9935.69444444
Simulation 706: [120, 2, 6, 27, 2, 4], -9057.36111111
Simulation 707: [135, 2, 12, 24, 1, 7], -11282.3611111
Simulation 708: [130, 2, 3, 26, 1, 5], -10805.6944444
Simulation 709: [107, 2, 3, 31, 1, 10], -7142.77777778
Simulation 710: [129, 2, 11, 25, 1, 6], -10318.3333333
Simulation 711: [110, 3, 3, 29, 3, 6], -7542.77777778
Simulation 712: [119, 2, 9, 26, 2, 3], -8845.69444444
Simulation 713: [121, 3, 3, 31, 3, 7], -9145.0
Simulation 714: [133, 2, 2, 29, 2, 5], -11315.6944444
Simulation 715: [107, 2, 6, 26, 1, 5], -7157.91666667
Simulation 716: [119, 2, 8, 23, 1, 4], -8889.02777778
Simulation 717: [131, 2, 2, 27, 1, 8], -10907.9166667
Simulation 718: [121, 2, 4, 26, 2, 4], -9286.25
Simulation 719: [133, 2, 9, 31, 1, 3], -11170.6944444
Simulation 720: [130, 2, 2, 27, 2, 7], -10727.7777778
Simulation 721: [132, 2, 10, 29, 1, 6], -10838.3333333
Simulation 722: [131, 3, 3, 29, 3, 6], -10800.6944444
Simulation 723: [134, 2, 9, 30, 1, 8], -11136.1111111
Simulation 724: [109, 2, 4, 28, 2, 6], -7437.36111111
Simulation 725: [137, 2, 6, 29, 3, 9], -11645.0
Simulation 726: [135, 2, 4, 30, 5, 6], -11404.4444444
Simulation 727: [146, 2, 6, 30, 3, 7], -13367.7777778
Simulation 728: [127, 2, 4, 30, 2, 7], -10142.7777778
Simulation 729: [126, 3, 4, 26, 3, 4], -10007.7777778
Simulation 730: [131, 2, 5, 26, 2, 7], -10775.6944444
Simulation 731: [100, 2, 4, 31, 2, 6], -6264.02777778
Simulation 732: [111, 2, 6, 29, 3, 8], -7551.25
Simulation 733: [137, 2, 1, 28, 2, 4], -12110.0
Simulation 734: [126, 2, 8, 30, 0, 4], -10036.1111111
Simulation 735: [145, 2, 1, 26, 2, 6], -13521.1111111
Simulation 736: [111, 2, 7, 28, 2, 7], -7585.69444444
Simulation 737: [138, 2, 3, 28, 4, 7], -11987.7777778
Simulation 738: [132, 2, 1, 27, 1, 5], -11233.3333333
Simulation 739: [118, 2, 5, 26, 5, 6], -8596.66666667
Simulation 740: [154, 2, 3, 23, 1, 5], -15327.7777778
Simulation 741: [132, 2, 7, 31, 2, 4], -10981.1111111
Simulation 742: [129, 2, 4, 27, 3, 6], -10467.9166667
Simulation 743: [122, 2, 6, 31, 4, 5], -9257.77777778
Simulation 744: [129, 2, 2, 23, 1, 4], -10729.0277778
Simulation 745: [94, 2, 4, 28, 3, 5], -5492.77777778
Simulation 746: [126, 2, 2, 25, 3, 9], -9959.02777778
Simulation 747: [116, 2, 2, 29, 1, 10], -8449.44444444
Simulation 748: [112, 2, 2, 26, 4, 7], -7826.25
Simulation 749: [108, 2, 3, 28, 3, 5], -7329.02777778
Simulation 750: [123, 2, 2, 27, 4, 8], -9461.11111111
Simulation 751: [133, 2, 2, 26, 2, 5], -11321.1111111
Simulation 752: [129, 2, 2, 29, 3, 7], -10514.4444444
Simulation 753: [130, 2, 10, 29, 2, 6], -10454.0277778
Simulation 754: [107, 2, 3, 29, 1, 9], -7154.02777778
Simulation 755: [125, 2, 5, 27, 1, 9], -9754.02777778
Simulation 756: [110, 2, 6, 25, 2, 4], -7570.69444444
Simulation 757: [130, 2, 2, 28, 2, 6], -10762.7777778
Simulation 758: [122, 2, 4, 27, 5, 7], -9215.69444444
Simulation 759: [117, 2, 3, 27, 2, 5], -8670.0
Simulation 760: [129, 2, 4, 24, 1, 4], -10642.7777778
Simulation 761: [114, 2, 6, 29, 4, 7], -7973.33333333
Simulation 762: [128, 2, 2, 28, 2, 7], -10390.6944444
Simulation 763: [128, 2, 6, 28, 2, 6], -10264.4444444
Simulation 764: [115, 2, 4, 25, 2, 5], -8331.25
Simulation 765: [115, 2, 5, 23, 2, 8], -8205.69444444
Simulation 766: [127, 2, 6, 29, 2, 6], -10099.4444444
Simulation 767: [128, 2, 2, 30, 1, 6], -10474.0277778
Simulation 768: [120, 2, 3, 26, 2, 5], -9131.11111111
Simulation 769: [112, 2, 10, 25, 0, 4], -7822.91666667
Simulation 770: [114, 3, 8, 27, 2, 5], -8011.25
Simulation 771: [122, 2, 2, 27, 5, 4], -9406.66666667
Simulation 772: [138, 2, 5, 28, 2, 6], -12030.6944444
Simulation 773: [121, 2, 7, 30, 2, 5], -9145.69444444
Simulation 774: [100, 2, 4, 26, 2, 10], -6120.0
Simulation 775: [126, 2, 5, 29, 3, 8], -9859.02777778
Simulation 776: [135, 2, 4, 30, 3, 9], -11377.9166667
Simulation 777: [103, 2, 4, 31, 2, 7], -6619.02777778
Simulation 778: [97, 2, 5, 30, 4, 7], -5749.02777778
Simulation 779: [113, 2, 4, 32, 3, 10], -7866.11111111
Simulation 780: [155, 2, 4, 28, 2, 7], -15290.0
Simulation 781: [129, 2, 3, 31, 4, 5], -10508.3333333
Simulation 782: [143, 2, 9, 26, 2, 5], -12842.3611111
Simulation 783: [124, 2, 2, 31, 2, 6], -9780.69444444
Simulation 784: [105, 2, 6, 27, 4, 5], -6779.02777778
Simulation 785: [118, 2, 5, 26, 2, 5], -8747.77777778
Simulation 786: [113, 2, 4, 24, 2, 7], -7972.77777778
Simulation 787: [105, 2, 3, 26, 2, 5], -6945.69444444
Simulation 788: [127, 2, 2, 29, 3, 6], -10219.0277778
Simulation 789: [126, 2, 7, 24, 1, 9], -9855.69444444
Simulation 790: [115, 2, 2, 27, 1, 4], -8482.36111111
Simulation 791: [124, 2, 3, 32, 2, 7], -9707.77777778
Simulation 792: [146, 2, 2, 25, 1, 6], -13721.1111111
Simulation 793: [117, 2, 2, 26, 3, 5], -8669.02777778
Simulation 794: [115, 2, 2, 24, 3, 8], -8274.44444444
Simulation 795: [135, 2, 2, 26, 2, 4], -11712.9166667
Simulation 796: [140, 2, 6, 27, 1, 5], -12445.6944444
Simulation 797: [118, 2, 1, 26, 3, 5], -8862.36111111
Simulation 798: [129, 2, 7, 26, 3, 7], -10318.3333333
Simulation 799: [136, 2, 2, 24, 2, 5], -11862.9166667
Simulation 800: [104, 2, 3, 26, 1, 5], -6847.91666667
Simulation 801: [108, 2, 8, 31, 2, 6], -7187.36111111
Simulation 802: [115, 2, 2, 26, 2, 6], -8372.91666667
Simulation 803: [126, 3, 3, 24, 2, 6], -10022.7777778
Simulation 804: [125, 2, 4, 25, 2, 6], -9856.11111111
Simulation 805: [129, 2, 8, 29, 3, 4], -10392.3611111
Simulation 806: [127, 2, 6, 31, 2, 4], -10182.7777778
Simulation 807: [115, 2, 4, 28, 3, 10], -8136.66666667
Simulation 808: [129, 2, 3, 29, 3, 5], -10546.25
Simulation 809: [128, 2, 3, 29, 1, 4], -10505.6944444
Simulation 810: [116, 2, 5, 26, 2, 5], -8445.0
Simulation 811: [113, 2, 4, 26, 1, 7], -8011.25
Simulation 812: [130, 2, 2, 29, 3, 7], -10682.3611111
Simulation 813: [127, 2, 2, 27, 1, 6], -10304.5833333
Simulation 814: [126, 2, 3, 32, 3, 8], -9950.0
Simulation 815: [128, 2, 6, 28, 3, 6], -10220.6944444
Simulation 816: [102, 2, 2, 29, 1, 6], -6607.77777778
Simulation 817: [114, 2, 2, 29, 3, 4], -8264.44444444
Simulation 818: [135, 2, 2, 27, 2, 4], -11709.4444444
Simulation 819: [125, 3, 5, 26, 2, 5], -9809.44444444
Simulation 820: [136, 2, 2, 24, 2, 5], -11862.9166667
Simulation 821: [125, 2, 4, 26, 3, 7], -9775.69444444
Simulation 822: [121, 2, 5, 30, 1, 6], -9224.58333333
Simulation 823: [130, 2, 3, 26, 4, 4], -10717.3611111
Simulation 824: [136, 2, 2, 28, 2, 5], -11844.0277778
Simulation 825: [149, 2, 1, 27, 2, 4], -14375.6944444
Simulation 826: [127, 2, 2, 26, 4, 4], -10256.25
Simulation 827: [130, 2, 5, 25, 1, 3], -10809.4444444
Simulation 828: [128, 2, 5, 25, 1, 7], -10320.0
Simulation 829: [123, 2, 4, 29, 3, 6], -9489.02777778
Simulation 830: [143, 2, 2, 25, 3, 6], -13055.6944444
Simulation 831: [112, 2, 5, 28, 2, 9], -7734.44444444
Simulation 832: [117, 2, 4, 33, 2, 6], -8629.44444444
Simulation 833: [145, 2, 2, 27, 1, 4], -13599.0277778
Simulation 834: [92, 2, 3, 25, 2, 6], -5271.11111111
Simulation 835: [142, 2, 3, 28, 2, 4], -12934.0277778
Simulation 836: [126, 2, 3, 31, 2, 5], -10099.0277778
Simulation 837: [107, 2, 7, 28, 2, 8], -7001.11111111
Simulation 838: [122, 2, 5, 32, 4, 9], -9156.66666667
Simulation 839: [105, 2, 10, 29, 0, 4], -6863.33333333
Simulation 840: [104, 2, 4, 28, 1, 7], -6764.44444444
Simulation 841: [121, 2, 4, 27, 2, 6], -9213.33333333
Simulation 842: [125, 3, 4, 24, 4, 6], -9737.77777778
Simulation 843: [118, 2, 8, 28, 3, 5], -8606.11111111
Simulation 844: [130, 2, 4, 27, 1, 5], -10762.3611111
Simulation 845: [124, 2, 3, 28, 1, 5], -9809.02777778
Simulation 846: [125, 2, 1, 29, 3, 4], -10011.1111111
Simulation 847: [123, 2, 8, 29, 1, 4], -9505.69444444
Simulation 848: [120, 2, 3, 32, 4, 5], -9071.11111111
Simulation 849: [152, 2, 4, 28, 2, 6], -14729.4444444
Simulation 850: [113, 2, 5, 23, 1, 4], -8077.77777778
Simulation 851: [136, 2, 4, 29, 2, 4], -11796.25
Simulation 852: [115, 2, 3, 28, 2, 7], -8305.69444444
Simulation 853: [115, 2, 4, 24, 3, 4], -8329.44444444
Simulation 854: [130, 2, 5, 30, 1, 5], -10722.3611111
Simulation 855: [116, 2, 1, 27, 2, 10], -8444.44444444
Simulation 856: [118, 2, 8, 25, 1, 9], -8559.02777778
Simulation 857: [130, 2, 6, 29, 3, 7], -10514.5833333
Simulation 858: [106, 3, 2, 23, 4, 5], -7009.02777778
Simulation 859: [141, 2, 3, 28, 1, 4], -12795.6944444
Simulation 860: [128, 3, 4, 28, 1, 4], -10421.6666667
Simulation 861: [133, 2, 3, 28, 1, 5], -11317.7777778
Simulation 862: [117, 2, 1, 27, 2, 3], -8821.11111111
Simulation 863: [121, 3, 3, 26, 2, 4], -9284.58333333
Simulation 864: [121, 2, 5, 27, 3, 7], -9099.58333333
Simulation 865: [121, 2, 5, 34, 5, 5], -9121.11111111
Simulation 866: [132, 2, 2, 30, 1, 5], -11189.4444444
Simulation 867: [127, 2, 4, 27, 4, 9], -9989.02777778
Simulation 868: [108, 2, 5, 32, 2, 6], -7294.02777778
Simulation 869: [140, 2, 2, 24, 3, 5], -12546.1111111
Simulation 870: [120, 2, 8, 32, 4, 5], -8882.91666667
Simulation 871: [114, 2, 5, 29, 2, 4], -8191.66666667
Simulation 872: [131, 2, 4, 24, 2, 6], -10864.0277778
Simulation 873: [121, 2, 5, 31, 1, 9], -9127.36111111
Simulation 874: [125, 3, 3, 24, 2, 6], -9859.02777778
Simulation 875: [123, 2, 6, 23, 2, 5], -9505.69444444
Simulation 876: [100, 2, 2, 27, 5, 5], -6227.91666667
Simulation 877: [140, 2, 4, 26, 1, 8], -12417.3611111
Simulation 878: [115, 3, 5, 27, 4, 4], -8216.11111111
Simulation 879: [122, 2, 3, 28, 2, 8], -9342.91666667
Simulation 880: [135, 2, 1, 29, 3, 7], -11589.5833333
Simulation 881: [120, 3, 4, 25, 2, 5], -9054.58333333
Simulation 882: [130, 2, 3, 29, 1, 9], -10658.3333333
Simulation 883: [123, 2, 1, 25, 1, 7], -9662.91666667
Simulation 884: [144, 2, 5, 25, 3, 5], -13151.1111111
Simulation 885: [137, 2, 4, 29, 1, 6], -11939.0277778
Simulation 886: [121, 2, 5, 29, 1, 7], -9186.25
Simulation 887: [130, 2, 2, 29, 2, 4], -10840.6944444
Simulation 888: [114, 2, 3, 30, 4, 9], -8026.66666667
Simulation 889: [113, 2, 2, 30, 5, 5], -8015.69444444
Simulation 890: [112, 2, 5, 24, 4, 7], -7717.77777778
Simulation 891: [135, 2, 4, 27, 2, 4], -11623.3333333
Simulation 892: [126, 2, 5, 27, 4, 6], -9891.11111111
Simulation 893: [116, 2, 9, 23, 0, 5], -8409.02777778
Simulation 894: [141, 2, 4, 29, 1, 5], -12706.1111111
Simulation 895: [130, 2, 4, 27, 1, 8], -10652.7777778
Simulation 896: [86, 2, 5, 33, 1, 8], -4617.91666667
Simulation 897: [108, 2, 6, 33, 3, 6], -7231.11111111
Simulation 898: [123, 2, 9, 28, 4, 8], -9193.33333333
Simulation 899: [110, 2, 5, 25, 2, 4], -7602.77777778
Simulation 900: [130, 2, 3, 30, 2, 6], -10720.6944444
Simulation 901: [131, 2, 3, 30, 4, 7], -10764.5833333
Simulation 902: [129, 2, 1, 22, 1, 5], -10741.1111111
Simulation 903: [123, 2, 1, 23, 1, 4], -9772.77777778
Simulation 904: [119, 2, 1, 24, 2, 5], -9057.91666667
Simulation 905: [113, 2, 4, 29, 2, 5], -8045.69444444
Simulation 906: [113, 2, 6, 31, 2, 7], -7919.02777778
Simulation 907: [118, 3, 3, 27, 2, 5], -8782.77777778
Simulation 908: [139, 2, 4, 24, 4, 6], -12190.6944444
Simulation 909: [124, 2, 3, 26, 4, 6], -9649.58333333
Simulation 910: [138, 2, 4, 30, 2, 6], -12069.4444444
Simulation 911: [110, 3, 3, 24, 4, 6], -7496.66666667
Simulation 912: [156, 2, 2, 22, 1, 4], -15847.3611111
Simulation 913: [114, 2, 6, 28, 2, 6], -8082.77777778
Simulation 914: [114, 3, 4, 28, 5, 8], -7933.33333333
Simulation 915: [119, 3, 2, 24, 1, 5], -9019.44444444
Simulation 916: [120, 2, 4, 27, 1, 6], -9099.44444444
Simulation 917: [129, 2, 2, 24, 2, 6], -10606.25
Simulation 918: [119, 2, 4, 29, 2, 8], -8839.44444444
Simulation 919: [137, 2, 2, 30, 2, 5], -12021.1111111
Simulation 920: [129, 2, 1, 25, 2, 5], -10681.1111111
Simulation 921: [107, 2, 4, 26, 5, 7], -7015.69444444
Simulation 922: [113, 2, 4, 27, 2, 5], -8037.91666667
Simulation 923: [141, 2, 3, 25, 3, 7], -12597.3611111
Simulation 924: [134, 2, 3, 24, 2, 8], -11354.0277778
Simulation 925: [131, 2, 7, 28, 3, 5], -10724.4444444
Simulation 926: [120, 3, 4, 27, 3, 5], -9011.66666667
Simulation 927: [132, 2, 3, 27, 1, 4], -11185.6944444
Simulation 928: [138, 2, 2, 23, 2, 8], -12120.6944444
Simulation 929: [133, 2, 2, 28, 2, 5], -11316.1111111
Simulation 930: [122, 2, 5, 26, 2, 4], -9407.36111111
Simulation 931: [115, 2, 5, 27, 3, 4], -8293.33333333
Simulation 932: [126, 2, 3, 24, 2, 4], -10137.3611111
Simulation 933: [131, 2, 5, 30, 1, 5], -10891.6666667
Simulation 934: [116, 2, 2, 30, 2, 6], -8536.11111111
Simulation 935: [102, 2, 5, 24, 2, 6], -6446.25
Simulation 936: [111, 2, 3, 26, 3, 6], -7712.36111111
Simulation 937: [136, 2, 3, 27, 2, 5], -11802.3611111
Simulation 938: [134, 2, 4, 27, 3, 7], -11284.5833333
Simulation 939: [115, 2, 7, 25, 2, 11], -8045.0
Simulation 940: [140, 2, 2, 28, 1, 7], -12535.0
Simulation 941: [123, 2, 2, 27, 1, 4], -9724.58333333
Simulation 942: [114, 2, 4, 27, 2, 5], -8184.44444444
Simulation 943: [133, 2, 1, 26, 3, 4], -11362.3611111
Simulation 944: [119, 2, 3, 26, 4, 5], -8897.91666667
Simulation 945: [127, 2, 3, 32, 4, 4], -10222.7777778
Simulation 946: [151, 2, 3, 23, 2, 8], -14547.9166667
Simulation 947: [126, 2, 5, 27, 1, 4], -10094.5833333
Simulation 948: [116, 2, 5, 27, 2, 9], -8315.69444444
Simulation 949: [115, 2, 3, 24, 1, 6], -8375.69444444
Simulation 950: [133, 2, 3, 27, 2, 6], -11235.6944444
Simulation 951: [118, 2, 1, 26, 3, 5], -8862.36111111
Simulation 952: [127, 2, 7, 24, 1, 7], -10086.6666667
Simulation 953: [137, 2, 3, 30, 3, 3], -12016.1111111
Simulation 954: [120, 2, 1, 24, 3, 4], -9211.11111111
Simulation 955: [135, 2, 5, 28, 1, 5], -11584.4444444
Simulation 956: [141, 3, 6, 26, 3, 6], -12452.3611111
Simulation 957: [122, 2, 2, 25, 1, 4], -9565.0
Simulation 958: [119, 2, 4, 27, 1, 8], -8879.02777778
Simulation 959: [138, 2, 5, 24, 2, 7], -12017.7777778
Simulation 960: [146, 2, 3, 25, 1, 5], -13716.1111111
Simulation 961: [108, 2, 6, 24, 4, 5], -7184.02777778
Simulation 962: [134, 2, 5, 27, 4, 9], -11125.6944444
Simulation 963: [123, 2, 2, 26, 2, 4], -9682.91666667
Simulation 964: [124, 2, 3, 28, 3, 7], -9652.36111111
Simulation 965: [139, 2, 6, 30, 3, 6], -12116.6666667
Simulation 966: [137, 2, 1, 29, 1, 4], -12155.0
Simulation 967: [117, 2, 3, 27, 1, 4], -8746.11111111
Simulation 968: [126, 2, 2, 31, 2, 6], -10104.0277778
Simulation 969: [134, 2, 4, 25, 2, 7], -11340.0
Simulation 970: [103, 2, 2, 31, 3, 7], -6654.44444444
Simulation 971: [136, 2, 4, 31, 2, 5], -11755.0
Simulation 972: [133, 2, 8, 28, 1, 5], -11121.25
Simulation 973: [122, 2, 4, 31, 3, 8], -9267.77777778
Simulation 974: [116, 2, 4, 29, 3, 6], -8412.77777778
Simulation 975: [107, 2, 2, 31, 3, 9], -7129.44444444
Simulation 976: [124, 2, 6, 25, 2, 4], -9694.02777778
Simulation 977: [132, 2, 1, 27, 2, 7], -11114.5833333
Simulation 978: [129, 2, 7, 25, 1, 7], -10412.9166667
Simulation 979: [146, 2, 5, 30, 2, 5], -13547.7777778
Simulation 980: [137, 2, 5, 27, 2, 8], -11779.0277778
Simulation 981: [119, 3, 3, 27, 1, 5], -8977.77777778
Simulation 982: [111, 2, 8, 28, 3, 9], -7452.36111111
Simulation 983: [126, 2, 3, 29, 1, 4], -10174.5833333
Simulation 984: [127, 2, 6, 28, 2, 5], -10137.7777778
Simulation 985: [112, 2, 4, 26, 2, 6], -7857.77777778
Simulation 986: [114, 2, 3, 28, 1, 3], -8335.69444444
Simulation 987: [103, 2, 3, 28, 1, 8], -6639.02777778
Simulation 988: [123, 2, 4, 27, 2, 5], -9565.69444444
Simulation 989: [109, 2, 6, 26, 1, 4], -7469.44444444
Simulation 990: [115, 2, 8, 25, 3, 6], -8124.58333333
Simulation 991: [133, 2, 6, 29, 2, 6], -11107.7777778
Simulation 992: [122, 2, 4, 27, 2, 8], -9302.91666667
Simulation 993: [112, 3, 3, 33, 2, 6], -7897.91666667
Simulation 994: [121, 2, 4, 30, 3, 5], -9214.58333333
Simulation 995: [126, 2, 1, 24, 1, 6], -10189.4444444
Simulation 996: [136, 2, 1, 28, 2, 4], -11930.6944444
Simulation 997: [140, 2, 2, 27, 2, 7], -12491.6666667
Simulation 998: [104, 4, 1, 25, 3, 4], -6807.91666667
Simulation 999: [130, 2, 1, 28, 1, 5], -10889.0277778
