Simulation 0: [129, 2, 3, 26, 1, 6], 31229.7891993
Simulation 1: [100, 2, 7, 27, 2, 6], 14531.1062334
Simulation 2: [126, 2, 5, 28, 3, 6], 1725.53046191
Simulation 3: [125, 2, 5, 24, 1, 3], 28956.9842859
Simulation 4: [123, 2, 3, 31, 1, 4], 13969.8195252
Simulation 5: [110, 2, 3, 29, 3, 4], 36013.3444893
Simulation 6: [130, 2, 8, 27, 2, 6], 6330.33102462
Simulation 7: [132, 2, 9, 27, 1, 7], 14117.0954898
Simulation 8: [115, 2, 4, 26, 3, 8], 12806.2961649
Simulation 9: [111, 2, 4, 27, 1, 5], 29036.1019845
Simulation 10: [143, 2, 6, 26, 2, 5], 14417.6677714
Simulation 11: [127, 3, 4, 26, 2, 8], 15481.6095275
Simulation 12: [128, 2, 3, 30, 3, 4], 16462.6982375
Simulation 13: [127, 3, 5, 31, 4, 5], 34715.2182645
Simulation 14: [138, 3, 3, 26, 2, 3], 19089.5902045
Simulation 15: [98, 2, 5, 25, 4, 9], 23596.8588574
Simulation 16: [127, 2, 1, 27, 1, 5], 5797.83006754
Simulation 17: [140, 2, 2, 30, 2, 6], 28355.927953
Simulation 18: [146, 2, 2, 29, 3, 5], 19156.6949193
Simulation 19: [140, 2, 5, 23, 2, 7], 10117.0326554
Simulation 20: [124, 2, 7, 22, 1, 6], 20288.7204778
Simulation 21: [145, 3, 4, 24, 1, 5], 3453.61096139
Simulation 22: [91, 2, 11, 30, 3, 8], 2440.61930765
Simulation 23: [109, 2, 4, 26, 2, 3], 2017.27924578
Simulation 24: [116, 3, 6, 30, 3, 6], 11764.7709149
Simulation 25: [128, 2, 2, 25, 2, 5], 18673.7334786
Simulation 26: [146, 2, 1, 25, 1, 4], 40848.5811246
Simulation 27: [81, 2, 1, 27, 1, 8], 7790.5176865
Simulation 28: [98, 2, 7, 27, 0, 3], 30616.5856014
Simulation 29: [129, 3, 3, 28, 2, 4], 1650.88977755
Simulation 30: [80, 2, 7, 29, 2, 8], 4534.21264462
Simulation 31: [137, 2, 3, 29, 1, 3], 16681.201378
Simulation 32: [129, 2, 9, 25, 5, 10], 31444.2459485
Simulation 33: [138, 3, 2, 27, 2, 4], 26509.6422473
Simulation 34: [153, 2, 4, 26, 1, 5], 3025.57908988
Simulation 35: [157, 2, 6, 25, 2, 7], 10572.70944
Simulation 36: [76, 2, 4, 31, 1, 6], 4553.93767271
Simulation 37: [91, 2, 4, 29, 1, 6], 13313.4396346
Simulation 38: [167, 2, 5, 27, 2, 4], 33414.8326206
Simulation 39: [144, 2, 1, 24, 1, 5], 12739.1107097
Simulation 40: [67, 2, 17, 26, 3, 12], 19685.310186
Simulation 41: [152, 2, 7, 26, 2, 5], 33125.4294048
Simulation 42: [143, 2, 6, 27, 2, 4], 1783.76464465
Simulation 43: [154, 2, 5, 24, 1, 4], 37746.8052746
Simulation 44: [159, 2, 5, 28, 1, 6], 10796.5358948
Simulation 45: [135, 4, 1, 26, 1, 7], 7375.70753173
Simulation 46: [164, 2, 1, 28, 2, 4], 7504.18877473
Simulation 47: [165, 2, 4, 28, 2, 6], 47893.3973033
Simulation 48: [134, 2, 5, 25, 2, 5], 28890.4837441
Simulation 49: [170, 2, 9, 28, 1, 4], 139.004408499
Simulation 50: [157, 2, 14, 30, 3, 6], 29789.3735047
Simulation 51: [165, 2, 4, 26, 1, 3], 2533.16402687
Simulation 52: [170, 2, 3, 23, 2, 5], 13.7133048855
Simulation 53: [61, 2, 3, 29, 3, 16], 6109.98161237
Simulation 54: [153, 2, 7, 24, 3, 7], 5877.93364201
Simulation 55: [127, 2, 6, 26, 1, 15], 1850.19693969
Simulation 56: [154, 2, 3, 29, 1, 5], 12813.5230113
Simulation 57: [122, 2, 2, 28, 2, 7], 805.301568556
Simulation 58: [62, 2, 16, 29, 2, 19], 6912.37451398
Simulation 59: [135, 2, 6, 22, 2, 15], 3669.77292949
Simulation 60: [159, 2, 1, 28, 2, 5], 15623.9080885
Simulation 61: [124, 2, 2, 30, 1, 6], 207.28588331
Simulation 62: [110, 41, 27, 11, 0, 28], 6242.92588454
Simulation 63: [167, 2, 5, 25, 3, 6], 3801.82975757
Simulation 64: [168, 2, 1, 27, 1, 4], 2567.71122648
Simulation 65: [147, 2, 3, 26, 2, 7], 4140.04768418
Simulation 66: [166, 2, 5, 24, 1, 3], 7948.4157311
Simulation 67: [185, 2, 9, 30, 1, 3], 22943.6260344
Simulation 68: [141, 2, 1, 29, 2, 14], 1822.82354427
Simulation 69: [164, 2, 1, 29, 2, 7], 18491.1210748
Simulation 70: [177, 2, 1, 21, 2, 9], 1510.69061885
Simulation 71: [174, 2, 4, 25, 2, 4], 3950.59429017
Simulation 72: [187, 2, 13, 25, 2, 7], 6631.45001823
Simulation 73: [191, 2, 2, 19, 1, 2], 7262.72628015
Simulation 74: [192, 5, 2, 20, 2, 3], 1980.989415
Simulation 75: [181, 2, 5, 25, 2, 6], 8612.25112489
Simulation 76: [200, 2, 15, 28, 1, 6], 10939.1707114
Simulation 77: [191, 2, 1, 27, 2, 5], 1347.92084855
Simulation 78: [169, 2, 2, 24, 2, 16], 3779.41068087
Simulation 79: [66, 3, 1, 29, 1, 23], 23378.524475
Simulation 80: [132, 2, 12, 21, 1, 15], 26977.6007652
Simulation 81: [163, 2, 7, 24, 4, 11], 7781.25482704
Simulation 82: [160, 2, 13, 29, 1, 5], 14445.8235119
Simulation 83: [180, 2, 7, 29, 2, 3], 4259.92134184
Simulation 84: [192, 2, 23, 27, 3, 3], 0.310716270884
Simulation 85: [52, 16, 2, 29, 3, 19], 5018.28535354
Simulation 86: [202, 2, 5, 19, 1, 3], 11756.6362673
Simulation 87: [179, 4, 1, 24, 3, 4], 3800.14762966
Simulation 88: [143, 2, 4, 23, 3, 15], 13371.7872256
Simulation 89: [180, 2, 3, 24, 3, 7], 7288.30293186
Simulation 90: [198, 2, 6, 17, 1, 7], 19249.7639579
Simulation 91: [182, 2, 16, 26, 1, 6], 27267.242113
Simulation 92: [48, 5, 24, 25, 4, 19], 3512.77694588
Simulation 93: [177, 5, 1, 26, 3, 3], 16732.4724834
Simulation 94: [193, 2, 5, 17, 1, 6], 4104.89015959
Simulation 95: [197, 2, 9, 26, 1, 6], 27795.6249326
Simulation 96: [185, 2, 3, 30, 2, 3], 27601.7584351
Simulation 97: [101, 9, 26, 12, 2, 21], 12593.7440228
Simulation 98: [160, 2, 10, 28, 4, 13], 1728.52836196
Simulation 99: [212, 2, 4, 25, 5, 5], 6684.00969362
Simulation 100: [213, 2, 8, 19, 1, 7], 4895.69760679
Simulation 101: [149, 18, 27, 3, 0, 26], -7.83287879003e-11
Simulation 102: [159, 3, 2, 20, 3, 14], 18115.995757
Simulation 103: [134, 6, 26, 21, 1, 20], 41285.6274137
Simulation 104: [183, 6, 26, 11, 0, 31], 714.606248262
Simulation 105: [178, 6, 19, 0, 0, 23], 2.54656851162e-11
Simulation 106: [213, 2, 2, 24, 1, 7], 4.72937244922e-11
Simulation 107: [153, 3, 9, 22, 3, 17], 2580.92555853
Simulation 108: [252, 15, 7, 17, 1, 15], 2300.70460493
Simulation 109: [206, 2, 1, 22, 1, 9], 1090.33098903
Simulation 110: [157, 15, 17, 8, 2, 24], 5.45696821064e-12
Simulation 111: [100, 45, 30, 2, 1, 28], 411.846185415
Simulation 112: [219, 2, 7, 24, 2, 8], 18471.3995616
Simulation 113: [195, 2, 21, 23, 0, 8], 15016.9279838
Simulation 114: [201, 3, 6, 23, 3, 4], 2635.18038847
Simulation 115: [194, 2, 4, 23, 1, 7], 7348.63758143
Simulation 116: [91, 36, 32, 12, 3, 20], 44.119419259
Simulation 117: [198, 2, 14, 24, 0, 3], 14595.8503754
Simulation 118: [173, 4, 9, 19, 2, 20], 4298.05398755
Simulation 119: [207, 4, 1, 20, 1, 7], 920.379200889
Simulation 120: [261, 17, 14, 6, 1, 16], 885.685906572
Simulation 121: [242, 15, 6, 16, 2, 12], 14357.5112798
Simulation 122: [250, 2, 7, 21, 1, 15], 22835.2417129
Simulation 123: [235, 15, 14, 7, 1, 16], 2020.02855745
Simulation 124: [234, 9, 4, 12, 1, 8], 7.27595761418e-12
Simulation 125: [161, 5, 28, 25, 0, 16], 6668.09808016
Simulation 126: [178, 27, 28, 0, 0, 30], 8.3793860739e-11
Simulation 127: [248, 16, 16, 8, 0, 13], 1.25179576669
Simulation 128: [176, 28, 23, 7, 0, 28], 5.09317032993e-11
Simulation 129: [257, 64, 34, 2, 0, 29], 9.09494701773e-12
Simulation 130: [199, 2, 8, 19, 1, 6], 13567.8895674
Simulation 131: [205, 7, 3, 20, 2, 5], 2634.44917712
Simulation 132: [248, 16, 6, 12, 1, 13], 2.18278728426e-11
Simulation 133: [196, 15, 16, 12, 1, 2], 4766.19193833
Simulation 134: [243, 2, 8, 23, 1, 15], 11.1049871616
Simulation 135: [242, 9, 5, 11, 1, 22], 11834.7268332
Simulation 136: [219, 8, 2, 17, 1, 8], 2252.1248532
Simulation 137: [238, 15, 24, 13, 0, 13], 3083.76053035
Simulation 138: [238, 15, 18, 22, 2, 12], 3613.75734637
Simulation 139: [211, 2, 8, 15, 2, 9], 5.70366096482
Simulation 140: [237, 2, 2, 17, 2, 12], 14026.1991605
Simulation 141: [228, 9, 9, 15, 1, 11], 10.574255928
Simulation 142: [202, 2, 15, 16, 1, 5], 8525.16388549
Simulation 143: [215, 2, 18, 16, 0, 8], -1.81898940355e-11
Simulation 144: [219, 16, 31, 9, 0, 3], -6.90865142872e-11
Simulation 145: [174, 61, 20, 13, 0, 25], 4929.59111612
Simulation 146: [257, 15, 10, 6, 2, 22], 4407.39372093
Simulation 147: [245, 9, 5, 14, 1, 11], 0.208932208092
Simulation 148: [225, 2, 2, 23, 4, 8], 51.5754801571
Simulation 149: [210, 15, 25, 11, 1, 1], 3.52429196937e-11
Simulation 150: [172, 59, 27, 7, 0, 27], 7455.64911039
Simulation 151: [222, 17, 32, 4, 0, 19], 13096.6949993
Simulation 152: [186, 64, 32, 10, 0, 26], 12647.0849335
Simulation 153: [200, 9, 2, 23, 2, 5], 13230.4487881
Simulation 154: [201, 23, 28, 0, 0, 31], 0.148858198484
Simulation 155: [253, 57, 32, 14, 0, 32], 9.30565858629
Simulation 156: [247, 16, 10, 12, 2, 10], 26379.9011029
Simulation 157: [171, 54, 32, 4, 1, 28], 2327.05708411
Simulation 158: [189, 58, 14, 16, 2, 22], 51.1659705188
Simulation 159: [162, 60, 21, 2, 4, 33], 1900.25387734
Simulation 160: [214, 7, 1, 19, 2, 6], 0.155555982543
Simulation 161: [257, 17, 31, 4, 1, 29], -3.95630195271e-11
Simulation 162: [183, 53, 14, 23, 3, 23], 15045.9298012
Simulation 163: [240, 18, 31, 11, 0, 24], -1.81898940355e-11
Simulation 164: [194, 2, 17, 26, 3, 10], 2185.04057622
Simulation 165: [209, 47, 21, 0, 0, 30], 0.153929783784
Simulation 166: [246, 16, 32, 4, 1, 30], 5370.50389986
Simulation 167: [238, 16, 33, 14, 0, 1], 50.4400673132
Simulation 168: [233, 9, 4, 5, 1, 19], 2.74663070066e-11
Simulation 169: [202, 72, 29, 5, 0, 27], 1.00537633774e-11
Simulation 170: [219, 15, 30, 8, 0, 2], 21.3120821827
Simulation 171: [183, 71, 34, 6, 0, 29], 4.43408798518
Simulation 172: [256, 16, 6, 10, 1, 14], 18460.8164729
Simulation 173: [255, 16, 14, 8, 1, 12], 13803.0326712
Simulation 174: [230, 17, 32, 9, 0, 23], 3.63797880709e-12
Simulation 175: [244, 17, 25, 6, 0, 22], 2529.54153205
Simulation 176: [252, 16, 33, 13, 0, 33], 2142.99208757
Simulation 177: [256, 47, 21, 16, 2, 14], 13566.2989889
Simulation 178: [123, 67, 34, 2, 0, 29], 2826.659766
Simulation 179: [210, 64, 24, 5, 3, 30], 13317.0393527
Simulation 180: [246, 32, 15, 13, 1, 1], 3796.2530618
Simulation 181: [256, 15, 16, 13, 1, 14], 9783.9570853
Simulation 182: [259, 16, 15, 9, 1, 29], -4.90977536405e-11
Simulation 183: [250, 17, 34, 10, 0, 34], 1301.4566003
Simulation 184: [255, 52, 24, 6, 0, 31], 2723.43014689
Simulation 185: [257, 59, 30, 1, 0, 30], 279.95695267
Simulation 186: [232, 57, 31, 12, 0, 11], 0.788808075659
Simulation 187: [254, 71, 27, 1, 0, 30], 0.165486943644
Simulation 188: [245, 69, 30, 5, 0, 30], 123.116720701
Simulation 189: [240, 2, 20, 19, 0, 9], 22661.6504284
Simulation 190: [237, 15, 21, 10, 0, 1], 0.218651006252
Simulation 191: [259, 20, 15, 9, 1, 26], 1687.95361658
Simulation 192: [258, 31, 34, 8, 0, 26], 6454.06849614
Simulation 193: [236, 17, 33, 4, 0, 19], 25.9450919226
Simulation 194: [247, 26, 11, 8, 2, 23], 8019.61708655
Simulation 195: [198, 62, 21, 7, 0, 26], 28.9362990319
Simulation 196: [242, 40, 32, 18, 0, 18], 483.065453406
Simulation 197: [263, 68, 30, 5, 0, 30], -2.88304935481e-11
Simulation 198: [253, 47, 18, 11, 3, 17], 4871.22435722
Simulation 199: [243, 65, 29, 12, 0, 31], 54.3571010808
Simulation 200: [247, 27, 33, 8, 2, 12], 223.781703334
Simulation 201: [243, 73, 34, 5, 0, 34], 14663.8513963
Simulation 202: [250, 72, 21, 3, 0, 21], 14.3843321818
Simulation 203: [254, 16, 14, 10, 2, 14], -999.75742806
Simulation 204: [241, 51, 31, 5, 0, 17], 13170.7771491
Simulation 205: [261, 15, 24, 0, 0, 33], 0.241670448962
Simulation 206: [243, 15, 32, 1, 0, 20], -5.45696821064e-11
Simulation 207: [240, 17, 33, 4, 0, 19], 1980.84014105
Simulation 208: [255, 17, 30, 3, 1, 34], 4568.15852646
Simulation 209: [258, 17, 21, 1, 1, 27], 2013.4253347
Simulation 210: [237, 15, 25, 17, 1, 2], 9763.71704802
Simulation 211: [255, 15, 15, 12, 1, 17], 1465.99508302
Simulation 212: [251, 66, 26, 2, 0, 30], 0.858771798974
Simulation 213: [263, 15, 29, 4, 0, 33], 13128.0234844
Simulation 214: [251, 17, 23, 0, 0, 31], -5.04769559484e-11
Simulation 215: [235, 73, 33, 4, 1, 30], 1447.07827552
Simulation 216: [262, 15, 14, 7, 0, 16], -2.27373675443e-11
Simulation 217: [258, 18, 32, 6, 0, 30], 1.277582358
Simulation 218: [242, 15, 18, 3, 0, 26], 1.96624383442e-11
Simulation 219: [242, 15, 26, 22, 0, 6], -1.09139364213e-11
Simulation 220: [251, 68, 17, 11, 2, 4], 24.7697874787
Simulation 221: [254, 18, 23, 6, 2, 27], 1735.3052337
Simulation 222: [254, 17, 33, 0, 0, 29], -2.91979773692e-11
Simulation 223: [230, 67, 30, 21, 0, 1], 4499.73300379
Simulation 224: [221, 73, 33, 6, 0, 21], 67.9933423215
Simulation 225: [254, 17, 26, 1, 1, 21], 14759.195882
Simulation 226: [255, 58, 31, 3, 0, 19], 12996.0384984
Simulation 227: [248, 73, 32, 10, 2, 30], 3800.29175361
Simulation 228: [218, 69, 25, 16, 0, 19], 7975.15347604
Simulation 229: [257, 71, 33, 6, 1, 29], 7668.02281916
Simulation 230: [217, 68, 20, 12, 0, 30], 858.789670158
Simulation 231: [236, 62, 31, 11, 0, 4], 13157.471781
Simulation 232: [254, 48, 25, 6, 0, 17], 19.9882574507
Simulation 233: [250, 25, 28, 10, 0, 23], 101.733455611
Simulation 234: [244, 17, 23, 1, 2, 23], 3.3673568137
Simulation 235: [250, 15, 24, 2, 0, 34], 1333.21669496
Simulation 236: [247, 17, 21, 9, 0, 34], 4.20096032201
Simulation 237: [242, 59, 15, 3, 2, 29], 2142.34860958
Simulation 238: [253, 39, 15, 7, 2, 33], 13717.8802675
Simulation 239: [254, 44, 28, 4, 1, 34], 12927.9053451
Simulation 240: [259, 17, 22, 3, 0, 32], 9.09494701773e-12
Simulation 241: [256, 56, 33, 5, 1, 23], 192.812050921
Simulation 242: [259, 17, 26, 4, 0, 31], 4077.79858195
Simulation 243: [262, 75, 33, 8, 0, 32], 17.4914778264
Simulation 244: [260, 69, 29, 4, 0, 31], 2.18278728426e-11
Simulation 245: [254, 17, 19, 6, 1, 33], 2.99689162375e-11
Simulation 246: [250, 60, 29, 5, 1, 28], 3793.21784045
Simulation 247: [254, 73, 29, 0, 1, 29], 1930.91631299
Simulation 248: [256, 18, 33, 2, 1, 23], -2.72848410532e-12
Simulation 249: [256, 59, 26, 3, 0, 34], -1.15960574476e-11
Simulation 250: [256, 17, 33, 5, 0, 31], 0.153936955768
Simulation 251: [260, 72, 33, 1, 1, 32], 7563.93229829
Simulation 252: [258, 31, 26, 14, 1, 33], 1049.94948775
Simulation 253: [178, 72, 32, 4, 1, 29], 2569.22588832
Simulation 254: [258, 37, 26, 9, 0, 18], 13234.9137729
Simulation 255: [264, 20, 33, 14, 1, 33], 1.83841807286
Simulation 256: [261, 74, 28, 3, 0, 33], -5.32054400537e-11
Simulation 257: [251, 48, 15, 20, 2, 6], 0.186106289135
Simulation 258: [158, 73, 33, 5, 0, 31], 2.85940160438e-11
Simulation 259: [261, 60, 33, 1, 1, 34], 48.732811583
Simulation 260: [237, 71, 31, 6, 0, 32], 0.0
Simulation 261: [239, 36, 30, 19, 1, 3], 1793.73656761
Simulation 262: [263, 17, 19, 1, 1, 32], 2.41643495602
Simulation 263: [259, 58, 34, 10, 0, 34], -987.518356128
Simulation 264: [260, 73, 20, 6, 0, 33], 7353.89741028
Simulation 265: [262, 54, 32, 4, 0, 27], 60.8771852043
Simulation 266: [262, 65, 24, 10, 1, 15], 8.54925019667e-11
Simulation 267: [259, 19, 32, 1, 1, 33], 3.63797880709e-12
Simulation 268: [251, 73, 30, 5, 0, 32], 1.54412593822e-11
Simulation 269: [248, 62, 26, 0, 0, 34], -5.45696821064e-12
Simulation 270: [209, 54, 29, 13, 0, 24], 5107.96110884
Simulation 271: [254, 17, 32, 1, 0, 30], 108.670606403
Simulation 272: [258, 63, 23, 0, 1, 27], 2846.68167946
Simulation 273: [259, 15, 19, 2, 1, 34], 1.09139364213e-11
Simulation 274: [250, 73, 33, 1, 0, 34], -9.07582342613e-12
Simulation 275: [255, 61, 32, 0, 3, 29], 15658.0620933
Simulation 276: [247, 70, 18, 2, 1, 31], 4432.5741762
Simulation 277: [254, 17, 19, 3, 0, 32], 2.15681244479
Simulation 278: [260, 64, 28, 0, 0, 34], 4.71489791654e-11
Simulation 279: [254, 17, 28, 4, 1, 32], 5.27506927028e-11
Simulation 280: [233, 69, 33, 21, 1, 34], 0.41268610487
Simulation 281: [261, 70, 33, 4, 0, 18], -4.15567580347e-11
Simulation 282: [253, 56, 30, 6, 0, 34], 3915.45677554
Simulation 283: [261, 69, 33, 4, 0, 32], 1.36424205266e-12
Simulation 284: [262, 18, 23, 4, 0, 27], 7.06433140949
Simulation 285: [167, 69, 32, 0, 0, 34], -4.52060611167e-12
Simulation 286: [255, 17, 23, 2, 0, 26], 499.54779101
Simulation 287: [261, 40, 19, 2, 2, 32], 9744.50564432
Simulation 288: [261, 56, 23, 3, 0, 34], 0.593334743132
Simulation 289: [263, 48, 33, 1, 0, 32], 1.8360424292e-11
Simulation 290: [263, 62, 21, 3, 0, 31], 675.20696215
Simulation 291: [251, 66, 24, 7, 0, 34], 13369.5207538
Simulation 292: [258, 17, 19, 9, 1, 33], 2367.18575409
Simulation 293: [244, 74, 31, 3, 2, 26], 7693.75115053
Simulation 294: [175, 72, 24, 6, 1, 25], 182.703572528
Simulation 295: [260, 60, 31, 2, 0, 24], 1.09139364213e-11
Simulation 296: [262, 71, 32, 5, 0, 30], -2.44417819317e-11
Simulation 297: [261, 70, 21, 1, 0, 33], 526.881057486
Simulation 298: [226, 74, 32, 4, 1, 29], 16.914672638
Simulation 299: [256, 62, 34, 10, 1, 31], 116.971400599
Simulation 300: [241, 69, 30, 3, 1, 34], 1026.60435447
Simulation 301: [236, 73, 27, 2, 0, 34], 180.533176787
Simulation 302: [263, 73, 34, 4, 0, 27], 4108.58093443
Simulation 303: [258, 41, 33, 8, 0, 29], 13464.7437078
Simulation 304: [257, 59, 21, 2, 1, 33], 7478.91415278
Simulation 305: [256, 66, 33, 3, 0, 29], 2388.26579291
Simulation 306: [257, 58, 20, 0, 0, 24], -1000.0
Simulation 307: [260, 66, 32, 2, 0, 34], 6.04724603726e-12
Simulation 308: [259, 18, 27, 2, 0, 31], 47.3334586469
Simulation 309: [250, 74, 33, 3, 0, 31], 6163.01079089
Simulation 310: [261, 57, 27, 2, 0, 34], 13457.8360588
Simulation 311: [262, 17, 24, 2, 1, 22], 4.19475800344
Simulation 312: [261, 37, 31, 7, 0, 29], 0.599045353093
Simulation 313: [258, 69, 24, 3, 0, 25], 146.66103256
Simulation 314: [223, 74, 26, 6, 1, 31], -4.97093477492e-11
Simulation 315: [226, 70, 24, 2, 0, 34], 123.811197482
Simulation 316: [253, 73, 29, 11, 0, 32], 1052.25558281
Simulation 317: [196, 74, 32, 1, 0, 25], 641.446514601
Simulation 318: [250, 68, 34, 2, 1, 26], 12629.3043461
Simulation 319: [260, 69, 23, 0, 0, 33], 537.41933179
Simulation 320: [258, 63, 28, 5, 0, 33], 442.185677885
Simulation 321: [262, 57, 34, 8, 0, 31], 9.98259129608
Simulation 322: [260, 25, 20, 3, 1, 27], 6762.99960958
Simulation 323: [259, 68, 34, 5, 0, 29], 611.29720884
Simulation 324: [257, 55, 23, 7, 1, 24], 12459.807155
Simulation 325: [252, 65, 29, 6, 0, 32], 0.413034112549
Simulation 326: [257, 21, 33, 18, 3, 33], 21400.2129082
Simulation 327: [201, 62, 29, 4, 1, 34], 652.486305095
Simulation 328: [152, 46, 32, 9, 0, 32], 11435.5201071
Simulation 329: [259, 49, 25, 6, 1, 24], -2.27147745058e-11
Simulation 330: [258, 27, 33, 23, 2, 30], 16830.1867998
Simulation 331: [259, 62, 23, 1, 0, 26], 1.49104026417
Simulation 332: [259, 59, 32, 3, 1, 33], 30.3380605343
Simulation 333: [260, 44, 29, 6, 0, 29], 0.181657116373
Simulation 334: [249, 57, 27, 10, 1, 26], 9121.84037127
Simulation 335: [210, 72, 33, 17, 0, 29], -2.88622459266e-11
Simulation 336: [260, 71, 34, 6, 1, 34], 1.31024080474e-11
Simulation 337: [251, 74, 31, 1, 0, 33], -3.47881723428e-11
Simulation 338: [247, 74, 30, 7, 1, 29], 27933.9627403
Simulation 339: [262, 67, 30, 3, 0, 33], 1.2159079299e-11
Simulation 340: [260, 73, 28, 0, 0, 33], 5.26058918648e-11
Simulation 341: [236, 47, 32, 1, 0, 26], -3.26336735412e-11
Simulation 342: [240, 70, 29, 2, 0, 34], 3.27418092638e-11
Simulation 343: [256, 17, 33, 14, 0, 31], 8.21598166045
Simulation 344: [254, 72, 33, 15, 1, 33], 149.181668973
Simulation 345: [127, 69, 27, 1, 0, 18], -1.81898940355e-11
Simulation 346: [256, 39, 31, 6, 1, 29], 0.0
Simulation 347: [255, 73, 33, 2, 0, 33], 1.80908621417e-11
Simulation 348: [259, 67, 34, 3, 0, 25], -5.31624744227e-12
Simulation 349: [262, 43, 27, 1, 0, 29], -1000.0
Simulation 350: [257, 68, 32, 3, 0, 34], 2.14916095428
Simulation 351: [257, 73, 23, 8, 3, 33], 13611.5899933
Simulation 352: [263, 69, 32, 3, 0, 30], 1201.38272821
Simulation 353: [259, 69, 31, 12, 0, 33], -4.91806595448e-11
Simulation 354: [255, 41, 33, 3, 2, 34], 13090.892993
Simulation 355: [257, 62, 33, 20, 0, 10], 12769.6295058
Simulation 356: [258, 70, 32, 4, 0, 27], 1714.82892968
Simulation 357: [250, 39, 24, 6, 0, 31], -892.579330683
Simulation 358: [261, 67, 20, 11, 3, 19], 3441.16924087
Simulation 359: [252, 71, 34, 6, 1, 33], -7.06112945892e-12
Simulation 360: [237, 68, 27, 6, 0, 33], -4.71898076171e-11
Simulation 361: [256, 73, 32, 6, 1, 33], -3.04680725094e-11
Simulation 362: [260, 60, 20, 3, 0, 25], 8.32429372439
Simulation 363: [244, 73, 31, 1, 0, 32], 1844.5485071
Simulation 364: [262, 68, 27, 3, 1, 31], 866.513868799
Simulation 365: [264, 72, 33, 11, 0, 26], 5025.98836778
Simulation 366: [264, 62, 26, 16, 0, 14], 14925.7019183
Simulation 367: [262, 56, 27, 1, 1, 28], 0.0
Simulation 368: [258, 64, 32, 6, 1, 29], 4371.60157724
Simulation 369: [259, 39, 33, 8, 0, 34], -897.613648328
Simulation 370: [258, 66, 33, 3, 0, 29], 3492.20782876
Simulation 371: [264, 42, 22, 2, 0, 34], 3597.47624646
Simulation 372: [257, 65, 23, 2, 0, 25], 14096.5515271
Simulation 373: [258, 64, 33, 7, 0, 25], -1000.0
Simulation 374: [252, 43, 34, 6, 0, 34], 0.278811833133
Simulation 375: [258, 66, 26, 5, 1, 34], 7.68985592481
Simulation 376: [261, 73, 32, 4, 0, 34], -980.698343682
Simulation 377: [256, 70, 33, 5, 0, 25], 9.95292737116e-12
Simulation 378: [261, 65, 24, 4, 1, 34], 568.462015997
Simulation 379: [258, 40, 31, 3, 0, 32], 16978.7730966
Simulation 380: [251, 44, 34, 5, 0, 34], 297.112335875
Simulation 381: [258, 69, 27, 7, 1, 32], 13011.2806657
Simulation 382: [259, 67, 31, 1, 0, 22], 1409.62698958
Simulation 383: [248, 49, 24, 14, 0, 32], 1615.32022201
Simulation 384: [252, 68, 33, 7, 0, 33], 12993.1165299
Simulation 385: [252, 74, 19, 3, 1, 29], -7.73070496507e-12
Simulation 386: [230, 43, 31, 6, 0, 33], -1000.0
Simulation 387: [257, 73, 24, 2, 1, 33], 12912.0413807
Simulation 388: [264, 42, 26, 6, 1, 34], -9.09494701773e-12
Simulation 389: [253, 74, 33, 6, 0, 29], 946.221531957
Simulation 390: [260, 48, 22, 10, 0, 32], 21132.2027267
Simulation 391: [264, 56, 29, 0, 0, 32], 1.82467374543e-11
Simulation 392: [231, 61, 30, 23, 0, 31], -998.543499636
Simulation 393: [228, 47, 28, 14, 1, 31], 6189.2467902
Simulation 394: [253, 67, 28, 3, 0, 31], 15213.4890311
Simulation 395: [257, 67, 29, 10, 0, 33], 12603.9394381
Simulation 396: [259, 65, 31, 6, 1, 32], 265.726327345
Simulation 397: [259, 17, 26, 5, 0, 33], 13239.400265
Simulation 398: [259, 57, 33, 1, 2, 27], 376.476991056
Simulation 399: [261, 69, 23, 3, 2, 26], 198.440709611
Simulation 400: [253, 74, 34, 2, 0, 32], 35.0417817729
Simulation 401: [240, 73, 34, 4, 0, 34], 121.617337215
Simulation 402: [251, 72, 21, 6, 0, 30], -619.845889362
Simulation 403: [259, 57, 31, 3, 1, 15], 4.16378043155e-12
Simulation 404: [228, 72, 32, 2, 2, 34], 517.33393624
Simulation 405: [259, 71, 34, 2, 0, 23], 13717.4669189
Simulation 406: [243, 73, 21, 4, 1, 33], -7.89279752667e-12
Simulation 407: [254, 48, 34, 10, 0, 33], 604.850411222
Simulation 408: [241, 65, 20, 12, 0, 32], 3034.77386408
Simulation 409: [260, 65, 30, 10, 1, 20], 2964.22110062
Simulation 410: [197, 66, 32, 14, 0, 34], -1997.65837132
Simulation 411: [259, 58, 27, 4, 0, 34], 107.906160533
Simulation 412: [257, 73, 33, 10, 0, 31], 32.7850730361
Simulation 413: [239, 73, 25, 3, 0, 33], 1.51789691927e-12
Simulation 414: [259, 67, 28, 6, 0, 32], 2.84269179767
Simulation 415: [258, 43, 32, 5, 0, 28], -3.09228198603e-11
Simulation 416: [258, 70, 30, 5, 0, 34], 13033.4146573
Simulation 417: [259, 74, 25, 4, 0, 33], 0.625858722999
Simulation 418: [259, 58, 27, 7, 1, 26], 0.190140651262
Simulation 419: [251, 68, 27, 5, 0, 34], 9.09494701773e-12
Simulation 420: [260, 69, 20, 3, 0, 21], 4488.54123001
Simulation 421: [257, 74, 30, 4, 0, 34], 2.18278728426e-11
Simulation 422: [261, 64, 23, 6, 0, 33], 0.116181030242
Simulation 423: [259, 41, 26, 3, 0, 34], 1.80078174594e-13
Simulation 424: [260, 67, 26, 2, 0, 28], 2.62303351998
Simulation 425: [258, 40, 32, 6, 1, 31], -1000.0
Simulation 426: [260, 64, 24, 2, 0, 34], 1.50233159246e-11
Simulation 427: [253, 71, 30, 7, 0, 32], -1.25055521494e-11
Simulation 428: [255, 44, 31, 7, 0, 33], -1.09139364213e-11
Simulation 429: [243, 74, 28, 10, 0, 33], 0.0
Simulation 430: [261, 73, 22, 2, 0, 33], 1.33499279077
Simulation 431: [196, 66, 21, 0, 0, 34], 3791.98717215
Simulation 432: [260, 67, 27, 6, 0, 24], 2544.10108683
Simulation 433: [260, 58, 32, 3, 3, 33], 87.5053049546
Simulation 434: [259, 61, 26, 0, 1, 20], 2.36345099433
Simulation 435: [234, 54, 31, 3, 0, 34], 1.15688637197
Simulation 436: [260, 62, 31, 1, 0, 33], 3.63797880709e-12
Simulation 437: [252, 55, 32, 8, 0, 34], 2006.7453876
Simulation 438: [260, 67, 33, 2, 0, 33], -2.37377062451e-11
Simulation 439: [258, 64, 32, 3, 1, 33], 1.89182671165
Simulation 440: [208, 74, 33, 8, 1, 33], 14511.7671487
Simulation 441: [246, 53, 34, 2, 1, 29], -999.481396907
Simulation 442: [259, 57, 28, 7, 0, 27], -1.45519152284e-11
Simulation 443: [258, 72, 28, 5, 0, 33], 0.377441203287
Simulation 444: [259, 45, 30, 7, 3, 34], 10300.8782083
Simulation 445: [254, 70, 21, 5, 1, 30], 3507.67104136
Simulation 446: [260, 67, 34, 8, 0, 34], 1.34337109822
Simulation 447: [226, 67, 32, 7, 0, 33], -983.439603154
Simulation 448: [254, 72, 29, 4, 1, 27], 1506.32873324
Simulation 449: [259, 67, 32, 1, 0, 30], 1.69775860037e-11
Simulation 450: [173, 70, 27, 9, 0, 33], -1000.0
Simulation 451: [226, 73, 30, 5, 0, 33], -1.29407179417e-11
Simulation 452: [259, 68, 30, 2, 1, 32], -961.808707211
Simulation 453: [258, 73, 32, 8, 0, 33], 1525.02930044
Simulation 454: [260, 70, 24, 7, 0, 34], 70.097361205
Simulation 455: [251, 67, 21, 5, 0, 33], 1.1181777726e-11
Simulation 456: [260, 67, 33, 6, 0, 33], 730.748958151
Simulation 457: [233, 71, 27, 2, 0, 33], 1888.17286455
Simulation 458: [237, 44, 30, 1, 0, 34], -1304.8272937
Simulation 459: [249, 69, 29, 6, 1, 33], 9.60631012365
Simulation 460: [260, 47, 29, 2, 0, 33], 2636.3454777
Simulation 461: [260, 68, 34, 0, 0, 31], -2.85099721609e-12
Simulation 462: [250, 58, 29, 8, 1, 34], 57.3583969868
Simulation 463: [249, 74, 21, 6, 0, 31], 3366.65547149
Simulation 464: [248, 47, 33, 14, 1, 30], 4.54614124124e-12
Simulation 465: [257, 67, 31, 2, 0, 25], 1.81898940355e-12
Simulation 466: [261, 63, 32, 3, 0, 29], -1000.0
Simulation 467: [261, 69, 33, 2, 1, 34], 1.71069719885
Simulation 468: [259, 67, 27, 3, 1, 29], 12395.8425904
Simulation 469: [261, 65, 31, 3, 0, 17], -1.27329258248e-11
Simulation 470: [235, 73, 24, 5, 0, 32], 3558.25047754
Simulation 471: [258, 55, 20, 3, 0, 34], -1.7402745911e-12
Simulation 472: [212, 69, 31, 5, 0, 32], -983.003686963
Simulation 473: [237, 75, 26, 0, 0, 32], 2.18278728426e-11
Simulation 474: [230, 70, 33, 9, 2, 34], -2.74269496003e-12
Simulation 475: [250, 45, 26, 6, 2, 34], 7.75766136046
Simulation 476: [259, 64, 31, 2, 0, 30], 6.54836185277e-11
Simulation 477: [259, 44, 29, 3, 3, 31], -2.30113705868e-11
Simulation 478: [233, 73, 33, 5, 0, 33], 0.559495786984
Simulation 479: [259, 41, 28, 19, 1, 24], -871.677072103
Simulation 480: [259, 67, 33, 1, 0, 33], 9.12520463211
Simulation 481: [253, 74, 27, 2, 2, 30], 2.13162820728e-12
Simulation 482: [260, 70, 30, 6, 3, 28], 4.79633998777
Simulation 483: [258, 70, 33, 2, 0, 20], -1000.0
Simulation 484: [260, 62, 32, 2, 1, 32], -1000.0
Simulation 485: [261, 63, 29, 1, 0, 30], -1000.0
Simulation 486: [261, 45, 29, 2, 0, 34], -1.63709046319e-11
Simulation 487: [261, 69, 32, 0, 1, 16], 6394.47946518
Simulation 488: [251, 43, 31, 10, 1, 33], 10.626870604
Simulation 489: [261, 70, 31, 4, 0, 28], 2680.88740227
Simulation 490: [261, 60, 27, 1, 0, 21], 2936.73281515
Simulation 491: [262, 71, 25, 5, 0, 32], -5.45696821064e-12
Simulation 492: [254, 64, 25, 3, 2, 33], 0.156111414324
Simulation 493: [250, 70, 34, 15, 0, 31], 1800.50271754
Simulation 494: [250, 43, 30, 9, 0, 32], 2.54871679317e-11
Simulation 495: [258, 68, 32, 8, 0, 32], 3596.25340304
Simulation 496: [257, 65, 27, 6, 0, 5], 1.81898940355e-11
Simulation 497: [226, 73, 23, 3, 0, 32], 0.124995924346
Simulation 498: [247, 74, 21, 3, 1, 31], 2674.41070306
Simulation 499: [260, 66, 33, 7, 0, 21], -1000.0
Simulation 500: [258, 72, 26, 6, 1, 28], 12600.6490311
Simulation 501: [262, 63, 34, 4, 0, 27], 4.25201540644e-13
Simulation 502: [248, 68, 32, 0, 0, 34], -1000.0
Simulation 503: [234, 74, 27, 3, 0, 34], -996.262005705
Simulation 504: [262, 67, 34, 11, 0, 21], 2.51709764143e-12
Simulation 505: [259, 72, 33, 4, 0, 32], -1.84464110653e-11
Simulation 506: [260, 54, 26, 4, 0, 34], -1000.0
Simulation 507: [262, 68, 33, 0, 0, 19], -1.45519152284e-11
Simulation 508: [244, 55, 29, 1, 3, 33], 93.0781421616
Simulation 509: [260, 73, 29, 1, 0, 29], 939.401858699
Simulation 510: [250, 68, 27, 7, 0, 32], 31.4128277871
Simulation 511: [251, 73, 33, 1, 2, 31], 288.007138563
Simulation 512: [248, 70, 33, 1, 0, 33], 3.27418092638e-11
Simulation 513: [259, 64, 32, 5, 0, 24], 124.683083984
Simulation 514: [190, 74, 34, 0, 0, 32], -2.91926482987e-11
Simulation 515: [138, 69, 28, 12, 0, 22], 23.440968089
Simulation 516: [262, 56, 32, 1, 0, 28], 3.92219206433
Simulation 517: [258, 73, 33, 6, 1, 32], 2078.30619437
Simulation 518: [261, 71, 31, 4, 0, 31], 11825.0203565
Simulation 519: [261, 65, 21, 2, 1, 16], 1.37682371674
Simulation 520: [261, 66, 28, 2, 0, 33], 38.623774871
Simulation 521: [262, 67, 30, 1, 0, 31], 14283.8637475
Simulation 522: [258, 72, 31, 1, 0, 31], 25.066742724
Simulation 523: [250, 68, 30, 4, 0, 33], 1.45390366413e-11
Simulation 524: [262, 71, 26, 2, 1, 33], -999.72053386
Simulation 525: [259, 68, 33, 5, 0, 27], 12.3630437691
Simulation 526: [261, 60, 28, 1, 0, 31], 3.03285174752e-12
Simulation 527: [246, 72, 27, 0, 1, 31], 7.68096697357e-12
Simulation 528: [256, 67, 28, 9, 0, 17], 1.27329258248e-11
Simulation 529: [259, 71, 29, 8, 0, 32], 4.17843537548e-12
Simulation 530: [229, 74, 27, 14, 0, 28], 1.73798753167e-11
Simulation 531: [262, 61, 30, 3, 0, 20], -3.36913275056e-11
Simulation 532: [201, 74, 33, 7, 7, 34], 1858.74053285
Simulation 533: [259, 70, 28, 6, 1, 33], 7152.89903787
Simulation 534: [260, 72, 30, 4, 1, 34], 120.053054902
Simulation 535: [248, 53, 31, 5, 1, 32], 2.9477152285
Simulation 536: [261, 69, 32, 5, 1, 32], -142.463271544
Simulation 537: [259, 58, 28, 21, 0, 20], 15.9489507283
Simulation 538: [258, 66, 27, 7, 0, 30], 10462.4105448
Simulation 539: [257, 66, 30, 6, 0, 32], 2.46104248092e-11
Simulation 540: [261, 54, 33, 1, 0, 31], -2000.0
Simulation 541: [260, 66, 32, 5, 0, 21], -3.4221514511e-12
Simulation 542: [249, 71, 31, 5, 0, 32], -7.27595761418e-12
Simulation 543: [259, 74, 30, 3, 1, 30], 155.501398238
Simulation 544: [123, 70, 34, 3, 0, 32], 14986.8136776
Simulation 545: [259, 69, 33, 3, 0, 26], 12.1241249558
Simulation 546: [258, 73, 24, 2, 1, 33], 32.6295744395
Simulation 547: [257, 60, 33, 27, 2, 24], 1459.55670055
Simulation 548: [248, 69, 32, 10, 2, 30], 20.8695974011
Simulation 549: [222, 71, 33, 5, 0, 27], 93.6487855349
Simulation 550: [257, 69, 29, 6, 0, 32], 12622.127766
Simulation 551: [260, 70, 31, 3, 0, 32], 8.5493001567e-12
Simulation 552: [260, 63, 32, 7, 0, 31], 13804.1847961
Simulation 553: [261, 61, 33, 0, 1, 18], 13.2304214141
Simulation 554: [261, 62, 31, 5, 0, 34], -5.45696821064e-12
Simulation 555: [262, 72, 31, 1, 0, 32], -3.20596882375e-11
Simulation 556: [260, 68, 26, 6, 0, 33], 1.88737914186e-12
Simulation 557: [248, 46, 30, 5, 1, 34], -997.761299514
Simulation 558: [262, 65, 33, 6, 0, 32], -1997.11370322
Simulation 559: [251, 72, 31, 3, 0, 34], -3.63797880709e-12
Simulation 560: [261, 69, 31, 2, 0, 33], -1.08126563259e-11
Simulation 561: [262, 67, 34, 3, 0, 27], -1000.0
Simulation 562: [258, 67, 31, 5, 0, 29], 1.54020685095e-11
Simulation 563: [260, 60, 33, 4, 1, 34], -962.030143901
Simulation 564: [243, 47, 28, 1, 0, 34], -3.9006131658e-11
Simulation 565: [261, 72, 32, 10, 0, 20], 4.62238337856
Simulation 566: [259, 65, 34, 8, 1, 23], 6652.23206442
Simulation 567: [238, 46, 30, 7, 0, 33], -1.81730186455e-11
Simulation 568: [257, 73, 33, 4, 0, 32], 11886.5918471
Simulation 569: [252, 70, 33, 1, 0, 33], 7.24575954791e-12
Simulation 570: [262, 71, 33, 5, 0, 33], 2.27124985486e-11
Simulation 571: [259, 65, 28, 3, 0, 31], 201.144441886
Simulation 572: [253, 65, 29, 7, 0, 33], 10640.6163129
Simulation 573: [246, 74, 32, 15, 1, 32], 4421.06645442
Simulation 574: [250, 69, 30, 1, 0, 29], 8.17373625319
Simulation 575: [248, 66, 32, 6, 0, 34], -1000.0
Simulation 576: [258, 63, 33, 2, 3, 33], 132.276355115
Simulation 577: [261, 54, 33, 1, 0, 34], 183.185508686
Simulation 578: [256, 51, 32, 3, 0, 34], 2977.49930449
Simulation 579: [253, 71, 28, 1, 2, 32], -1000.0
Simulation 580: [258, 72, 32, 3, 0, 28], -5.45696821064e-12
Simulation 581: [225, 67, 25, 3, 0, 32], 1.09139364213e-11
Simulation 582: [258, 74, 31, 9, 1, 32], 1002.73708255
Simulation 583: [260, 67, 26, 6, 1, 33], 27.7724893153
Simulation 584: [233, 72, 33, 2, 0, 29], -9.62441237817e-12
Simulation 585: [203, 67, 23, 8, 0, 34], -3000.0
Simulation 586: [206, 49, 27, 8, 0, 33], 13780.5083141
Simulation 587: [253, 66, 33, 2, 0, 28], -2.27373675443e-11
Simulation 588: [260, 65, 32, 0, 0, 28], 7.27595761418e-12
Simulation 589: [261, 70, 33, 6, 0, 30], 1.15625099235
Simulation 590: [254, 68, 31, 2, 0, 34], -2.91038304567e-11
Simulation 591: [259, 50, 30, 6, 0, 20], 1119.37542925
Simulation 592: [259, 69, 33, 1, 0, 30], 555.50484702
Simulation 593: [247, 64, 22, 5, 0, 26], 1.84710025053e-11
Simulation 594: [263, 69, 32, 1, 1, 26], -1.35043504157e-11
Simulation 595: [259, 68, 32, 1, 0, 34], -1.09139364213e-11
Simulation 596: [260, 17, 24, 1, 0, 34], 20743.9816018
Simulation 597: [240, 65, 30, 3, 0, 34], 0.304153787357
Simulation 598: [248, 67, 31, 7, 0, 34], 95.9020805468
Simulation 599: [260, 65, 31, 3, 0, 32], -2.58997545632e-11
Simulation 600: [260, 67, 32, 6, 2, 32], -235.052113012
Simulation 601: [246, 70, 29, 4, 0, 30], -1.3073986338e-11
Simulation 602: [249, 48, 31, 8, 0, 33], 15228.4031393
Simulation 603: [244, 69, 33, 1, 0, 32], -980.360783865
Simulation 604: [260, 73, 31, 4, 0, 33], 1316.9023783
Simulation 605: [261, 69, 23, 10, 0, 6], 1.57882595886e-11
Simulation 606: [247, 68, 33, 4, 1, 33], -2.14676609822e-11
Simulation 607: [121, 71, 34, 2, 0, 34], 7752.46643096
Simulation 608: [259, 60, 30, 6, 4, 14], 2429.84623752
Simulation 609: [261, 37, 33, 2, 0, 30], -2.0008883439e-11
Simulation 610: [259, 69, 32, 3, 0, 33], 617.414185285
Simulation 611: [219, 71, 32, 1, 0, 34], -3.63797880709e-12
Simulation 612: [258, 71, 32, 3, 0, 34], 2.56730747772e-12
Simulation 613: [260, 65, 32, 2, 0, 33], -4.84234874421e-12
Simulation 614: [248, 72, 31, 0, 0, 34], -1.19462217896e-11
Simulation 615: [262, 67, 26, 0, 0, 33], -973.493157855
Simulation 616: [261, 74, 31, 3, 2, 33], -1.51363921397e-11
Simulation 617: [245, 72, 32, 5, 1, 31], 1020.99374293
Simulation 618: [260, 66, 32, 2, 0, 34], 4.9852681533
Simulation 619: [259, 65, 30, 7, 0, 32], -7.27595761418e-12
Simulation 620: [261, 69, 30, 2, 0, 23], 656.445852946
Simulation 621: [260, 69, 30, 7, 1, 31], -1000.0
Simulation 622: [227, 74, 28, 3, 0, 32], 13891.0094153
Simulation 623: [259, 60, 27, 5, 0, 13], 2029.46021554
Simulation 624: [259, 71, 33, 2, 0, 34], -769.591457725
Simulation 625: [260, 71, 32, 3, 1, 33], -9.09494701773e-12
Simulation 626: [189, 74, 33, 7, 2, 28], 1.70527719132
Simulation 627: [261, 68, 28, 3, 1, 32], 21.0942662702
Simulation 628: [259, 70, 33, 7, 0, 31], 2165.07867288
Simulation 629: [258, 73, 31, 6, 0, 33], 13219.1924381
Simulation 630: [262, 53, 33, 10, 0, 31], -998.039480938
Simulation 631: [247, 69, 30, 6, 0, 33], -3.51313422797e-12
Simulation 632: [258, 72, 32, 2, 0, 31], 550.816344019
Simulation 633: [260, 53, 31, 6, 0, 32], -1000.0
Simulation 634: [261, 64, 33, 5, 0, 34], 350.796680546
Simulation 635: [258, 71, 32, 15, 0, 22], 3658.96987009
Simulation 636: [261, 70, 28, 2, 0, 27], -935.314284918
Simulation 637: [262, 69, 32, 1, 0, 34], -3.39830386054e-11
Simulation 638: [259, 70, 31, 4, 0, 33], 299.365429494
Simulation 639: [123, 69, 21, 0, 4, 34], -1000.0
Simulation 640: [251, 70, 30, 2, 0, 32], 1122.43801514
Simulation 641: [258, 66, 34, 7, 1, 27], 611.355571445
Simulation 642: [227, 72, 32, 5, 1, 33], 3428.08169908
Simulation 643: [260, 73, 29, 0, 0, 34], 1.40426004158e-11
Simulation 644: [232, 55, 30, 9, 0, 32], -1000.0
Simulation 645: [260, 68, 32, 3, 0, 30], -3.41060513165e-11
Simulation 646: [261, 55, 33, 6, 0, 34], 273.073107678
Simulation 647: [261, 67, 26, 1, 0, 33], 1.81898940355e-12
Simulation 648: [234, 73, 27, 7, 1, 30], -1000.0
Simulation 649: [259, 67, 33, 0, 0, 34], -1000.0
Simulation 650: [250, 66, 29, 0, 0, 34], 3.45607986674e-11
Simulation 651: [227, 71, 33, 0, 0, 34], -1000.0
Simulation 652: [252, 64, 29, 7, 1, 30], 4700.49285628
Simulation 653: [261, 72, 34, 6, 0, 33], 12741.8825961
Simulation 654: [260, 67, 32, 1, 0, 29], -1601.0924753
Simulation 655: [261, 71, 33, 0, 0, 34], -1000.0
Simulation 656: [236, 52, 29, 3, 5, 33], 1.71413165645
Simulation 657: [226, 71, 28, 16, 0, 34], 2233.63858342
Simulation 658: [246, 74, 33, 3, 0, 34], -1000.0
Simulation 659: [260, 72, 33, 2, 0, 32], 3.42906211019
Simulation 660: [262, 72, 33, 8, 0, 33], 0.0
Simulation 661: [253, 71, 31, 2, 0, 34], 1.11912701328e-11
Simulation 662: [253, 64, 32, 7, 0, 33], 480.906601065
Simulation 663: [114, 70, 31, 15, 0, 34], 12499.8507728
Simulation 664: [261, 71, 32, 2, 1, 30], 315.555715582
Simulation 665: [252, 72, 26, 3, 0, 33], 55.1781061129
Simulation 666: [262, 69, 31, 0, 0, 33], 1338.57885192
Simulation 667: [246, 71, 32, 13, 0, 28], -1000.0
Simulation 668: [262, 69, 33, 3, 0, 26], 2.47402098807e-12
Simulation 669: [258, 73, 32, 1, 3, 34], 8.63381588445e-12
Simulation 670: [259, 67, 33, 13, 0, 26], -1000.0
Simulation 671: [260, 72, 24, 10, 0, 10], -2.95947710782e-11
Simulation 672: [262, 70, 32, 2, 0, 32], -996.952594974
Simulation 673: [251, 68, 33, 11, 0, 34], 1.09139364213e-11
Simulation 674: [260, 70, 33, 8, 1, 34], -333.677292699
Simulation 675: [262, 16, 33, 2, 2, 29], 6.16182660451e-11
Simulation 676: [261, 66, 33, 2, 0, 17], 1.86606285979e-11
Simulation 677: [259, 71, 32, 0, 0, 33], 2.80818007736e-11
Simulation 678: [261, 61, 31, 2, 0, 28], 3.61885505176
Simulation 679: [204, 55, 34, 8, 0, 31], 2297.1909692
Simulation 680: [236, 70, 28, 3, 0, 34], 0.168387644128
Simulation 681: [262, 70, 28, 3, 0, 33], 5.60174129305e-12
Simulation 682: [260, 56, 33, 2, 0, 34], -7.24931226159e-12
Simulation 683: [264, 69, 32, 2, 0, 33], 6.41842134996e-12
Simulation 684: [262, 74, 32, 0, 0, 34], 147.812129312
Simulation 685: [258, 70, 29, 6, 0, 32], -3.63797880709e-12
Simulation 686: [262, 72, 32, 3, 0, 32], -1000.0
Simulation 687: [261, 56, 31, 6, 0, 34], 0.164056909858
Simulation 688: [240, 70, 28, 6, 0, 32], 8.73845440452e-12
Simulation 689: [257, 71, 31, 1, 2, 31], 1959.10458605
Simulation 690: [250, 45, 32, 11, 0, 34], -1.00226493771e-11
Simulation 691: [261, 71, 30, 0, 0, 33], -1000.0
Simulation 692: [261, 67, 33, 0, 0, 30], 205.729149214
Simulation 693: [260, 68, 31, 7, 1, 31], 936.273424204
Simulation 694: [253, 55, 31, 13, 1, 30], 4994.54297774
Simulation 695: [261, 73, 31, 1, 0, 32], 7.25453030981e-12
Simulation 696: [262, 66, 31, 2, 1, 30], 44.2582274076
Simulation 697: [170, 69, 33, 9, 1, 32], 2480.35550691
Simulation 698: [250, 53, 32, 5, 0, 32], 9.09494701773e-12
Simulation 699: [261, 68, 31, 0, 3, 31], 0.59888191082
Simulation 700: [261, 68, 33, 1, 0, 34], 2.73359113123e-12
Simulation 701: [260, 66, 33, 1, 0, 27], 15.3242862524
Simulation 702: [261, 69, 29, 6, 0, 32], 2215.5001041
Simulation 703: [261, 67, 30, 4, 0, 30], -611.579139557
Simulation 704: [252, 73, 30, 1, 0, 34], -1.62776458978e-11
Simulation 705: [258, 68, 31, 2, 0, 34], 0.0
Simulation 706: [260, 56, 30, 5, 0, 33], 12.7902874101
Simulation 707: [262, 67, 30, 5, 0, 32], 5.45696821064e-12
Simulation 708: [261, 74, 29, 3, 0, 26], 0.0
Simulation 709: [252, 69, 31, 7, 0, 31], 1318.08683695
Simulation 710: [257, 71, 32, 5, 0, 33], 619.771967835
Simulation 711: [261, 69, 33, 3, 0, 29], -999.942437434
Simulation 712: [250, 73, 34, 6, 0, 34], 1.81898940355e-12
Simulation 713: [260, 72, 31, 1, 0, 30], 479.164051856
Simulation 714: [259, 71, 32, 10, 1, 29], 4769.02710596
Simulation 715: [258, 70, 32, 4, 0, 32], 8.96460683464e-12
Simulation 716: [197, 73, 26, 5, 2, 29], 9430.15267733
Simulation 717: [37, 54, 24, 31, 2, 18], 31333.3187716
Simulation 718: [260, 70, 32, 6, 0, 30], 13334.3032546
Simulation 719: [260, 74, 32, 5, 0, 30], 0.62803815496
Simulation 720: [257, 71, 30, 5, 2, 34], 62.3050847777
Simulation 721: [261, 72, 33, 5, 1, 34], -1000.0
Simulation 722: [261, 72, 33, 4, 0, 31], 29.0547182458
Simulation 723: [107, 72, 32, 6, 0, 31], 6124.32221814
Simulation 724: [258, 70, 33, 3, 0, 32], -2.70272693115e-12
Simulation 725: [134, 70, 24, 7, 5, 34], 17255.0667072
Simulation 726: [259, 68, 33, 2, 0, 34], -1.26738619599e-11
Simulation 727: [261, 68, 25, 0, 0, 19], 295.331075934
Simulation 728: [262, 69, 33, 4, 2, 33], -1000.0
Simulation 729: [262, 69, 30, 3, 0, 33], -1000.0
Simulation 730: [152, 69, 29, 0, 1, 33], -2.54658516496e-11
Simulation 731: [227, 67, 29, 3, 1, 32], -850.214930951
Simulation 732: [226, 74, 33, 3, 1, 31], 639.97514119
Simulation 733: [249, 72, 32, 13, 0, 31], 3.82402443044e-12
Simulation 734: [258, 73, 33, 2, 0, 32], 1.81898940355e-12
Simulation 735: [236, 66, 31, 0, 0, 30], 0.641092699552
Simulation 736: [260, 71, 34, 0, 0, 22], 3.43336470365e-13
Simulation 737: [260, 68, 30, 1, 0, 32], 5.91257598437e-12
Simulation 738: [212, 73, 32, 15, 0, 34], -1000.0
Simulation 739: [260, 69, 32, 2, 0, 34], -1000.0
Simulation 740: [257, 70, 29, 1, 0, 33], 60.9921046277
Simulation 741: [262, 70, 31, 5, 1, 31], 15491.5470368
Simulation 742: [260, 70, 33, 6, 0, 28], 5.48423132878
Simulation 743: [202, 70, 34, 4, 0, 33], 0.343494468888
Simulation 744: [262, 71, 30, 3, 0, 34], -2.16182349799e-11
Simulation 745: [133, 71, 28, 1, 0, 34], -3.58473251083e-11
Simulation 746: [240, 71, 32, 5, 0, 32], 0.382387995932
Simulation 747: [260, 42, 34, 4, 0, 18], 799.269045221
Simulation 748: [236, 74, 32, 6, 0, 29], 0.151855617487
Simulation 749: [203, 74, 34, 7, 0, 29], 12843.7814155
Simulation 750: [176, 67, 34, 3, 0, 34], 244.778742148
Simulation 751: [253, 69, 31, 3, 0, 33], -1000.0
Simulation 752: [234, 71, 30, 4, 0, 30], 1201.22228022
Simulation 753: [261, 71, 31, 6, 0, 34], 14283.9621516
Simulation 754: [261, 70, 30, 6, 0, 9], 2.55463150634e-11
Simulation 755: [255, 68, 25, 11, 0, 33], 17066.3431657
Simulation 756: [260, 67, 26, 2, 0, 32], 2596.06313798
Simulation 757: [263, 54, 34, 9, 0, 33], -7.27595761418e-12
Simulation 758: [259, 70, 23, 7, 0, 7], 745.686254982
Simulation 759: [260, 68, 33, 0, 0, 34], -1000.0
Simulation 760: [260, 70, 31, 2, 0, 33], 8167.20798498
Simulation 761: [257, 74, 33, 10, 0, 28], 108.592638307
Simulation 762: [253, 74, 33, 5, 0, 29], -1.94404492504e-11
Simulation 763: [258, 70, 32, 2, 1, 33], -1000.0
Simulation 764: [260, 72, 30, 1, 1, 33], 126.654559637
Simulation 765: [260, 67, 33, 3, 0, 34], 1498.43406068
Simulation 766: [261, 72, 33, 3, 0, 32], 7666.7756649
Simulation 767: [261, 69, 31, 5, 0, 34], 9.71080477363
Simulation 768: [258, 73, 28, 7, 0, 31], 13641.9997404
Simulation 769: [260, 70, 32, 2, 0, 31], -1.2782552794e-11
Simulation 770: [250, 71, 30, 1, 0, 30], 1139.30788905
Simulation 771: [264, 69, 33, 6, 0, 33], -1.81898940355e-12
Simulation 772: [259, 71, 34, 3, 2, 32], -2.64088750868e-12
Simulation 773: [261, 69, 31, 0, 0, 32], -6.83414436153e-12
Simulation 774: [260, 69, 33, 1, 0, 28], -1000.0
Simulation 775: [259, 66, 33, 3, 1, 34], 1659.2913152
Simulation 776: [253, 68, 31, 2, 0, 33], 8.96183127708e-12
Simulation 777: [259, 65, 33, 5, 0, 14], -1000.0
Simulation 778: [256, 58, 32, 2, 0, 11], -7.24306725708e-12
Simulation 779: [163, 73, 33, 6, 1, 34], 18528.1840321
Simulation 780: [261, 71, 33, 3, 0, 19], 889.872965103
Simulation 781: [260, 67, 33, 5, 0, 30], 7522.07252233
Simulation 782: [200, 71, 34, 8, 0, 29], 2.6933122399e-11
Simulation 783: [259, 65, 31, 5, 0, 24], -2.18278728426e-11
Simulation 784: [259, 72, 14, 11, 2, 17], 12369.4952013
Simulation 785: [257, 64, 32, 5, 1, 32], -997.702614049
Simulation 786: [182, 71, 32, 1, 0, 32], -2000.0
Simulation 787: [258, 66, 26, 6, 1, 23], 2210.03400839
Simulation 788: [261, 70, 33, 6, 0, 14], 12990.6070212
Simulation 789: [261, 71, 30, 2, 0, 33], -1.32356625659e-11
Simulation 790: [259, 72, 32, 1, 1, 31], 274.837395295
Simulation 791: [260, 68, 29, 6, 0, 27], 3758.63932731
Simulation 792: [261, 65, 32, 6, 1, 33], 0.435420872388
Simulation 793: [190, 69, 31, 6, 0, 26], -369.804158414
Simulation 794: [261, 66, 15, 9, 1, 14], -9.09494701773e-12
Simulation 795: [204, 73, 33, 13, 0, 30], 2279.87525962
Simulation 796: [262, 70, 29, 0, 0, 30], 476.976299672
Simulation 797: [262, 70, 34, 5, 0, 29], -999.455513281
Simulation 798: [251, 74, 34, 2, 0, 30], -1.80382375703e-11
Simulation 799: [192, 73, 33, 10, 0, 29], -995.554169701
Simulation 800: [234, 73, 33, 5, 0, 30], -2000.0
Simulation 801: [260, 73, 33, 3, 0, 32], -5.18796117177e-12
Simulation 802: [237, 70, 31, 16, 0, 33], -2.0008883439e-11
Simulation 803: [260, 65, 34, 13, 1, 22], -915.327428679
Simulation 804: [261, 71, 34, 3, 0, 23], 1.74237291262e-11
Simulation 805: [258, 51, 32, 7, 0, 34], 1.50489343209e-12
Simulation 806: [260, 72, 33, 4, 1, 28], 0.699211845645
Simulation 807: [205, 71, 33, 3, 0, 34], 3.27418092638e-11
Simulation 808: [253, 71, 33, 5, 0, 30], 12442.0835912
Simulation 809: [264, 68, 32, 0, 0, 12], -4.62581084548e-11
Simulation 810: [244, 70, 33, 11, 0, 29], 12770.4841345
Simulation 811: [251, 52, 33, 11, 0, 34], -1000.0
Simulation 812: [260, 52, 33, 12, 0, 33], 1775.30977903
Simulation 813: [260, 69, 32, 2, 0, 32], 8.33821900414e-12
Simulation 814: [258, 72, 26, 9, 0, 33], 13031.9481114
Simulation 815: [260, 69, 33, 10, 1, 34], 9343.7200145
Simulation 816: [248, 73, 32, 4, 0, 33], 3.81987774745e-11
Simulation 817: [232, 69, 32, 0, 0, 32], 11985.5896925
Simulation 818: [252, 69, 22, 1, 0, 32], -999.890840195
Simulation 819: [260, 67, 33, 6, 0, 20], -1000.0
Simulation 820: [261, 68, 33, 4, 1, 33], 12961.0240495
Simulation 821: [262, 71, 31, 0, 0, 33], -1.31740174325e-11
Simulation 822: [260, 66, 33, 3, 0, 30], 5543.111016
Simulation 823: [261, 69, 31, 2, 0, 32], -30.3675983407
Simulation 824: [252, 72, 32, 7, 0, 30], 89.2108880138
Simulation 825: [261, 73, 32, 4, 0, 30], 1932.6512048
Simulation 826: [257, 70, 31, 6, 1, 28], -563.112388403
Simulation 827: [257, 71, 6, 5, 1, 10], 0.110711131537
Simulation 828: [257, 68, 34, 1, 0, 33], 76.2439094713
Simulation 829: [259, 73, 33, 5, 0, 31], 0.168946101268
Simulation 830: [257, 74, 28, 1, 0, 33], -6.30590024642e-12
Simulation 831: [260, 74, 32, 3, 0, 30], 1314.3408809
Simulation 832: [261, 70, 33, 6, 1, 34], 6.55053788989e-12
Simulation 833: [261, 67, 33, 4, 1, 21], 708.010361607
Simulation 834: [261, 67, 31, 6, 0, 21], 52.1954695174
Simulation 835: [259, 54, 32, 4, 4, 29], -30.5953749448
Simulation 836: [259, 66, 33, 4, 0, 33], 179.912860318
Simulation 837: [260, 70, 33, 0, 0, 24], -1000.0
Simulation 838: [260, 67, 32, 3, 0, 32], 7.71418686388
Simulation 839: [262, 66, 32, 2, 0, 34], -996.075166134
Simulation 840: [234, 71, 34, 4, 0, 31], 4.56871485088e-11
Simulation 841: [261, 71, 32, 1, 1, 30], -856.641925399
Simulation 842: [258, 74, 30, 2, 1, 30], 8.12949867574
Simulation 843: [236, 69, 32, 1, 0, 33], 41.5354773619
Simulation 844: [197, 61, 32, 4, 1, 34], 53.1519202648
Simulation 845: [260, 69, 29, 7, 0, 18], 1.81898940355e-12
Simulation 846: [228, 71, 33, 7, 0, 33], -1000.0
Simulation 847: [250, 69, 33, 13, 0, 30], -1000.0
Simulation 848: [259, 68, 32, 2, 1, 32], 12283.7907934
Simulation 849: [228, 67, 31, 5, 0, 33], 0.0
Simulation 850: [261, 67, 32, 1, 1, 32], 13409.016144
Simulation 851: [259, 69, 26, 8, 0, 18], 507.302613054
Simulation 852: [258, 48, 33, 8, 1, 34], 1614.28310812
Simulation 853: [261, 72, 31, 1, 0, 32], -159.371312631
Simulation 854: [236, 71, 33, 17, 0, 31], 11688.3921833
Simulation 855: [263, 68, 31, 1, 0, 34], 108.264798811
Simulation 856: [261, 54, 21, 7, 0, 34], -3.45607986674e-11
Simulation 857: [262, 67, 33, 8, 2, 29], 4868.22039918
Simulation 858: [261, 64, 32, 4, 0, 30], -2000.0
Simulation 859: [204, 74, 33, 5, 0, 32], 13866.3670065
Simulation 860: [261, 68, 32, 2, 0, 29], -1.87797555284e-11
Simulation 861: [259, 70, 30, 3, 0, 29], 1090.91029339
Simulation 862: [260, 73, 34, 0, 0, 32], -780.350186987
Simulation 863: [78, 2, 4, 23, 3, 11], 8707.85223059
Simulation 864: [261, 73, 33, 3, 0, 33], 60.9497647558
Simulation 865: [260, 69, 32, 7, 0, 33], -1000.0
Simulation 866: [261, 69, 27, 4, 0, 22], 1.39760147899e-11
Simulation 867: [243, 51, 33, 21, 0, 31], 13339.0585251
Simulation 868: [261, 17, 31, 0, 1, 34], -1.81898940355e-11
Simulation 869: [262, 55, 32, 7, 0, 34], -1000.0
Simulation 870: [172, 73, 34, 11, 0, 29], -1000.0
Simulation 871: [195, 73, 33, 13, 1, 34], 13718.0613098
Simulation 872: [258, 72, 32, 1, 0, 33], 5453.14147038
Simulation 873: [262, 67, 33, 0, 0, 33], -1000.0
Simulation 874: [257, 74, 33, 0, 0, 32], 631.296059165
Simulation 875: [261, 67, 33, 0, 0, 30], 166.120111751
Simulation 876: [261, 72, 33, 2, 0, 34], 4.66960015096
Simulation 877: [227, 74, 31, 5, 0, 31], 1.63709046319e-11
Simulation 878: [261, 55, 33, 10, 0, 34], 420.989120889
Simulation 879: [261, 68, 33, 2, 0, 34], 306.963866111
Simulation 880: [258, 67, 33, 5, 0, 34], 813.16493859
Simulation 881: [258, 54, 33, 6, 0, 30], -3.73504005502e-12
Simulation 882: [251, 67, 32, 18, 0, 32], 1346.55211412
Simulation 883: [261, 66, 30, 3, 0, 18], -1000.0
Simulation 884: [252, 74, 33, 2, 0, 32], -585.291170877
Simulation 885: [250, 74, 30, 2, 0, 31], -1000.0
Simulation 886: [234, 74, 33, 16, 0, 27], 13254.439627
Simulation 887: [162, 75, 30, 2, 0, 30], 4.18367562816e-11
Simulation 888: [235, 72, 34, 1, 0, 32], -1.58646429327e-11
Simulation 889: [261, 67, 33, 2, 0, 20], 449.104411908
Simulation 890: [260, 65, 34, 2, 0, 28], 604.638023156
Simulation 891: [261, 45, 28, 1, 2, 30], 2.6813617522
Simulation 892: [257, 74, 33, 4, 0, 30], 5.67534907958e-12
Simulation 893: [262, 66, 34, 15, 0, 28], 558.743173743
Simulation 894: [250, 71, 34, 1, 0, 34], -1000.0
Simulation 895: [193, 71, 32, 4, 0, 28], -1000.0
Simulation 896: [261, 61, 33, 4, 0, 32], 14420.7992638
Simulation 897: [219, 73, 33, 10, 0, 28], -1.27615695789e-11
Simulation 898: [197, 73, 33, 5, 0, 32], -999.746334207
Simulation 899: [227, 71, 32, 1, 2, 33], 2389.16580234
Simulation 900: [262, 59, 27, 1, 1, 20], 2.31921148952e-11
Simulation 901: [258, 71, 33, 2, 0, 31], 2.28339569475e-11
Simulation 902: [260, 69, 30, 8, 0, 11], -904.217158876
Simulation 903: [259, 66, 29, 3, 1, 13], 1654.32296095
Simulation 904: [258, 65, 32, 1, 1, 34], 26831.3162004
Simulation 905: [260, 70, 27, 5, 4, 13], -9.77706804406e-12
Simulation 906: [260, 65, 34, 12, 1, 30], 762.905458351
Simulation 907: [257, 72, 29, 6, 2, 33], -1000.0
Simulation 908: [261, 70, 29, 11, 0, 17], 2428.98632521
Simulation 909: [261, 65, 24, 5, 0, 13], 0.104561445124
Simulation 910: [263, 72, 33, 2, 0, 33], -999.574209276
Simulation 911: [260, 70, 34, 3, 0, 16], -9.25215459802e-12
Simulation 912: [261, 70, 32, 2, 0, 34], 8.04006861088e-12
Simulation 913: [236, 73, 31, 0, 0, 30], -1000.0
Simulation 914: [259, 54, 29, 5, 7, 26], 5.97544236314e-12
Simulation 915: [264, 68, 30, 2, 0, 34], 1.54409818265e-11
Simulation 916: [257, 47, 32, 7, 0, 33], -310.622542982
Simulation 917: [263, 68, 34, 3, 1, 29], 3.44129643324
Simulation 918: [262, 67, 32, 0, 0, 21], -3.63797880709e-11
Simulation 919: [260, 71, 31, 6, 0, 25], 32.2069707553
Simulation 920: [261, 70, 33, 2, 0, 25], 1.63709046319e-11
Simulation 921: [261, 71, 34, 0, 0, 30], 1981.64479953
Simulation 922: [260, 65, 34, 8, 0, 33], 3376.9422761
Simulation 923: [203, 71, 33, 6, 0, 31], 12805.4446769
Simulation 924: [259, 70, 33, 5, 0, 33], 2306.07596508
Simulation 925: [262, 72, 32, 0, 0, 34], -3.14823722647e-11
Simulation 926: [240, 73, 34, 11, 0, 31], 7392.9166732
Simulation 927: [261, 62, 23, 6, 0, 15], 8090.24441763
Simulation 928: [259, 62, 30, 5, 2, 29], -995.477748727
Simulation 929: [231, 74, 32, 4, 0, 33], 56.4478563746
Simulation 930: [263, 72, 33, 2, 2, 32], 3.22395870649
Simulation 931: [263, 73, 33, 10, 0, 30], 12078.3274734
Simulation 932: [261, 65, 32, 10, 6, 34], 92.9373646651
Simulation 933: [260, 73, 32, 0, 0, 34], -1.37638095365e-11
Simulation 934: [263, 68, 33, 5, 0, 32], 13103.3219465
Simulation 935: [262, 57, 33, 8, 1, 32], -3.90676380135e-12
Simulation 936: [229, 73, 31, 3, 0, 29], 2.0008883439e-11
Simulation 937: [260, 17, 30, 3, 0, 30], 2335.19247575
Simulation 938: [145, 72, 26, 2, 0, 34], -4.99152386091e-11
Simulation 939: [261, 72, 32, 5, 0, 31], -2.26855201291e-11
Simulation 940: [260, 68, 33, 1, 0, 33], 414.921873942
Simulation 941: [262, 66, 31, 2, 0, 34], -1.51156864803e-11
Simulation 942: [235, 71, 34, 15, 0, 32], 1.27329258248e-11
Simulation 943: [261, 67, 33, 6, 0, 32], 52.6366473917
Simulation 944: [230, 69, 34, 2, 0, 32], 1363.12513667
Simulation 945: [192, 73, 25, 4, 0, 34], 3.05746539198e-11
Simulation 946: [263, 69, 33, 4, 0, 33], -2000.0
Simulation 947: [235, 72, 34, 0, 0, 33], -1000.0
Simulation 948: [253, 72, 33, 1, 0, 31], 1.09139364213e-11
Simulation 949: [229, 68, 32, 4, 0, 32], 5.1034731996e-12
Simulation 950: [262, 72, 33, 6, 0, 31], 1.2768230917e-11
Simulation 951: [261, 73, 32, 5, 0, 32], 6395.96586248
Simulation 952: [260, 67, 33, 2, 0, 32], -704.715385889
Simulation 953: [259, 68, 33, 7, 1, 33], 1213.61715925
Simulation 954: [151, 73, 30, 6, 1, 33], 1.45519152284e-11
Simulation 955: [228, 69, 30, 6, 1, 32], 1333.25042791
Simulation 956: [261, 71, 34, 6, 0, 33], -999.752824689
Simulation 957: [262, 65, 33, 5, 0, 20], -3.63797880709e-12
Simulation 958: [260, 67, 32, 13, 0, 23], 1383.48419204
Simulation 959: [261, 69, 34, 9, 2, 32], 1435.76661524
Simulation 960: [252, 71, 32, 11, 0, 34], 12736.0012151
Simulation 961: [261, 66, 32, 4, 1, 32], -1000.0
Simulation 962: [260, 68, 30, 3, 0, 32], -2000.0
Simulation 963: [262, 70, 33, 3, 0, 24], -1000.0
Simulation 964: [262, 56, 33, 5, 1, 32], -2.67745825511e-11
Simulation 965: [261, 61, 34, 1, 0, 19], 3.9880099223e-11
Simulation 966: [260, 21, 30, 1, 0, 27], 13565.2819052
Simulation 967: [261, 71, 33, 3, 0, 32], -1000.0
Simulation 968: [260, 55, 33, 11, 0, 30], 6094.86491861
Simulation 969: [260, 62, 32, 8, 0, 29], 5532.17336864
Simulation 970: [260, 69, 34, 3, 0, 20], 12406.2254181
Simulation 971: [120, 69, 32, 5, 0, 32], 95.1677492446
Simulation 972: [260, 69, 34, 6, 0, 7], 12775.9489423
Simulation 973: [262, 41, 34, 2, 1, 31], 822.900449524
Simulation 974: [259, 15, 28, 6, 0, 33], 12.9237327704
Simulation 975: [261, 73, 30, 4, 0, 32], 2.36468622461e-11
Simulation 976: [196, 69, 34, 9, 1, 31], 9.09494701773e-12
Simulation 977: [260, 70, 34, 5, 0, 26], 1051.46469662
Simulation 978: [246, 74, 33, 5, 0, 22], 70.4038088165
Simulation 979: [261, 45, 33, 1, 0, 33], 2959.51149219
Simulation 980: [261, 67, 33, 3, 0, 33], 1.81898940355e-12
Simulation 981: [261, 68, 33, 0, 0, 33], -954.63336073
Simulation 982: [260, 70, 34, 5, 0, 32], 2.24060769938e-11
Simulation 983: [258, 71, 32, 9, 1, 29], 2.0749883502
Simulation 984: [262, 70, 34, 2, 1, 33], -1939.8231156
Simulation 985: [258, 67, 33, 1, 0, 32], -686.228777349
Simulation 986: [253, 55, 32, 9, 0, 29], 5225.22600568
Simulation 987: [255, 71, 31, 0, 0, 34], 2.69495596128
Simulation 988: [262, 72, 33, 0, 0, 34], -1000.0
Simulation 989: [259, 71, 30, 4, 0, 33], 106.597719675
Simulation 990: [262, 72, 33, 2, 0, 33], 1144.98079775
Simulation 991: [258, 72, 33, 13, 1, 33], 0.0
Simulation 992: [235, 72, 34, 4, 0, 31], 534.896654044
Simulation 993: [240, 71, 30, 11, 0, 34], -982.518760504
Simulation 994: [262, 65, 31, 4, 0, 34], -1000.0
Simulation 995: [260, 66, 32, 3, 0, 18], 31.6740209126
Simulation 996: [260, 68, 33, 2, 0, 22], 0.814157851557
Simulation 997: [242, 74, 23, 17, 4, 33], 4653.70049973
Simulation 998: [260, 67, 33, 3, 0, 29], -993.287636785
Simulation 999: [260, 68, 32, 6, 1, 32], 1511.15215423
